! Inflow data file, combination of 139_Left.txt and 139_Right.txt
! Baseflow
      0.00
! Sediment Rating Curve
 0
! Time series of flow and sediment discharges
12/31/2003 15:00:00  0.00E+00  0.00E+00  0.00E+00  0.00E+00  0.00E+00  0.00E+00  0.00E+00  0.00E+00  0.00E+00  0.00E+00  0.00E+00  0.00E+00  0.00E+00  0.00E+00  0.00E+00
12/31/2003 15:15:00  0.00E+00  0.00E+00  0.00E+00  0.00E+00  0.00E+00  0.00E+00  0.00E+00  0.00E+00  0.00E+00  0.00E+00  0.00E+00  0.00E+00  0.00E+00  0.00E+00  0.00E+00
02/22/2004 00:00:00  0.00E+00  0.00E+00  0.00E+00  0.00E+00  0.00E+00  0.00E+00  0.00E+00  0.00E+00  0.00E+00  0.00E+00  0.00E+00  0.00E+00  0.00E+00  0.00E+00  0.00E+00
02/22/2004 00:17:50  3.36E-05  2.57E-10  1.06E-10  1.06E-10  1.29E-09  0.00E+00  0.00E+00  0.00E+00  0.00E+00  0.00E+00  0.00E+00  0.00E+00  0.00E+00  0.00E+00  0.00E+00
02/22/2004 00:19:10  3.61E-05  2.80E-10  1.15E-10  1.15E-10  1.41E-09  0.00E+00  0.00E+00  0.00E+00  0.00E+00  0.00E+00  0.00E+00  0.00E+00  0.00E+00  0.00E+00  0.00E+00
02/22/2004 00:35:41  6.71E-05  7.15E-10  2.95E-10  2.95E-10  3.60E-09  0.00E+00  0.00E+00  0.00E+00  0.00E+00  0.00E+00  0.00E+00  0.00E+00  0.00E+00  0.00E+00  0.00E+00
02/22/2004 00:38:20  6.89E-05  7.62E-10  3.15E-10  3.15E-10  3.77E-09  0.00E+00  0.00E+00  0.00E+00  0.00E+00  0.00E+00  0.00E+00  0.00E+00  0.00E+00  0.00E+00  0.00E+00
02/22/2004 01:05:26  3.84E-05  3.33E-10  1.38E-10  1.38E-10  1.62E-09  0.00E+00  0.00E+00  0.00E+00  0.00E+00  0.00E+00  0.00E+00  0.00E+00  0.00E+00  0.00E+00  0.00E+00
02/22/2004 01:10:16  3.30E-05  2.64E-10  1.09E-10  1.09E-10  1.29E-09  0.00E+00  0.00E+00  0.00E+00  0.00E+00  0.00E+00  0.00E+00  0.00E+00  0.00E+00  0.00E+00  0.00E+00
02/22/2004 01:35:11  4.82E-06  4.84E-11  2.04E-11  2.04E-11  2.11E-10  0.00E+00  0.00E+00  0.00E+00  0.00E+00  0.00E+00  0.00E+00  0.00E+00  0.00E+00  0.00E+00  0.00E+00
02/22/2004 01:42:13  0.00E+00  0.00E+00  0.00E+00  0.00E+00  0.00E+00  0.00E+00  0.00E+00  0.00E+00  0.00E+00  0.00E+00  0.00E+00  0.00E+00  0.00E+00  0.00E+00  0.00E+00
02/23/2004 00:00:00  0.00E+00  0.00E+00  0.00E+00  0.00E+00  0.00E+00  0.00E+00  0.00E+00  0.00E+00  0.00E+00  0.00E+00  0.00E+00  0.00E+00  0.00E+00  0.00E+00  0.00E+00
02/23/2004 01:16:47  1.45E-06  4.80E-13  1.43E-13  1.43E-13  2.48E-12  0.00E+00  0.00E+00  0.00E+00  0.00E+00  0.00E+00  0.00E+00  0.00E+00  0.00E+00  0.00E+00  0.00E+00
02/23/2004 01:20:38  1.52E-06  5.14E-13  1.52E-13  1.52E-13  2.63E-12  0.00E+00  0.00E+00  0.00E+00  0.00E+00  0.00E+00  0.00E+00  0.00E+00  0.00E+00  0.00E+00  0.00E+00
02/23/2004 02:33:35  2.89E-06  1.35E-12  3.99E-13  3.99E-13  6.93E-12  0.00E+00  0.00E+00  0.00E+00  0.00E+00  0.00E+00  0.00E+00  0.00E+00  0.00E+00  0.00E+00  0.00E+00
02/23/2004 02:41:17  2.95E-06  1.37E-12  4.12E-13  4.12E-13  7.23E-12  0.00E+00  0.00E+00  0.00E+00  0.00E+00  0.00E+00  0.00E+00  0.00E+00  0.00E+00  0.00E+00  0.00E+00
02/23/2004 04:41:34  1.59E-06  5.44E-13  1.67E-13  1.67E-13  2.97E-12  0.00E+00  0.00E+00  0.00E+00  0.00E+00  0.00E+00  0.00E+00  0.00E+00  0.00E+00  0.00E+00  0.00E+00
02/23/2004 04:55:42  1.43E-06  4.68E-13  1.42E-13  1.42E-13  2.52E-12  0.00E+00  0.00E+00  0.00E+00  0.00E+00  0.00E+00  0.00E+00  0.00E+00  0.00E+00  0.00E+00  0.00E+00
02/23/2004 06:49:34  1.44E-07  4.08E-14  1.56E-14  1.56E-14  3.12E-13  0.00E+00  0.00E+00  0.00E+00  0.00E+00  0.00E+00  0.00E+00  0.00E+00  0.00E+00  0.00E+00  0.00E+00
02/23/2004 07:10:07  0.00E+00  0.00E+00  0.00E+00  0.00E+00  0.00E+00  0.00E+00  0.00E+00  0.00E+00  0.00E+00  0.00E+00  0.00E+00  0.00E+00  0.00E+00  0.00E+00  0.00E+00
02/26/2004 00:00:00  0.00E+00  0.00E+00  0.00E+00  0.00E+00  0.00E+00  0.00E+00  0.00E+00  0.00E+00  0.00E+00  0.00E+00  0.00E+00  0.00E+00  0.00E+00  0.00E+00  0.00E+00
02/26/2004 00:40:14  2.22E-06  1.02E-12  3.82E-13  3.82E-13  6.88E-12  0.00E+00  0.00E+00  0.00E+00  0.00E+00  0.00E+00  0.00E+00  0.00E+00  0.00E+00  0.00E+00  0.00E+00
02/26/2004 01:05:37  3.61E-06  1.95E-12  7.33E-13  7.33E-13  1.33E-11  0.00E+00  0.00E+00  0.00E+00  0.00E+00  0.00E+00  0.00E+00  0.00E+00  0.00E+00  0.00E+00  0.00E+00
02/26/2004 01:20:28  4.43E-06  2.64E-12  9.91E-13  9.91E-13  1.79E-11  0.00E+00  0.00E+00  0.00E+00  0.00E+00  0.00E+00  0.00E+00  0.00E+00  0.00E+00  0.00E+00  0.00E+00
02/26/2004 02:11:14  4.56E-06  2.95E-12  1.10E-12  1.10E-12  1.91E-11  0.00E+00  0.00E+00  0.00E+00  0.00E+00  0.00E+00  0.00E+00  0.00E+00  0.00E+00  0.00E+00  0.00E+00
02/26/2004 02:27:32  4.02E-06  2.50E-12  9.33E-13  9.33E-13  1.61E-11  0.00E+00  0.00E+00  0.00E+00  0.00E+00  0.00E+00  0.00E+00  0.00E+00  0.00E+00  0.00E+00  0.00E+00
02/26/2004 03:34:36  1.81E-06  1.09E-12  4.07E-13  4.07E-13  6.79E-12  0.00E+00  0.00E+00  0.00E+00  0.00E+00  0.00E+00  0.00E+00  0.00E+00  0.00E+00  0.00E+00  0.00E+00
02/26/2004 04:00:37  1.46E-06  7.60E-13  2.84E-13  2.84E-13  4.73E-12  0.00E+00  0.00E+00  0.00E+00  0.00E+00  0.00E+00  0.00E+00  0.00E+00  0.00E+00  0.00E+00  0.00E+00
02/26/2004 05:49:59  0.00E+00  0.00E+00  0.00E+00  0.00E+00  0.00E+00  0.00E+00  0.00E+00  0.00E+00  0.00E+00  0.00E+00  0.00E+00  0.00E+00  0.00E+00  0.00E+00  0.00E+00
10/18/2004 00:00:00  0.00E+00  0.00E+00  0.00E+00  0.00E+00  0.00E+00  0.00E+00  0.00E+00  0.00E+00  0.00E+00  0.00E+00  0.00E+00  0.00E+00  0.00E+00  0.00E+00  0.00E+00
10/18/2004 03:08:42  7.07E-07  1.30E-13  4.34E-14  4.34E-14  5.48E-13  0.00E+00  0.00E+00  0.00E+00  0.00E+00  0.00E+00  0.00E+00  0.00E+00  0.00E+00  0.00E+00  0.00E+00
10/18/2004 06:17:09  1.41E-06  3.67E-13  1.23E-13  1.23E-13  1.55E-12  0.00E+00  0.00E+00  0.00E+00  0.00E+00  0.00E+00  0.00E+00  0.00E+00  0.00E+00  0.00E+00  0.00E+00
10/18/2004 06:17:25  1.41E-06  3.67E-13  1.23E-13  1.23E-13  1.55E-12  0.00E+00  0.00E+00  0.00E+00  0.00E+00  0.00E+00  0.00E+00  0.00E+00  0.00E+00  0.00E+00  0.00E+00
10/18/2004 11:31:27  7.08E-07  1.30E-13  4.35E-14  4.35E-14  5.49E-13  0.00E+00  0.00E+00  0.00E+00  0.00E+00  0.00E+00  0.00E+00  0.00E+00  0.00E+00  0.00E+00  0.00E+00
10/18/2004 11:31:56  7.07E-07  1.30E-13  4.34E-14  4.34E-14  5.48E-13  0.00E+00  0.00E+00  0.00E+00  0.00E+00  0.00E+00  0.00E+00  0.00E+00  0.00E+00  0.00E+00  0.00E+00
10/18/2004 16:45:44  1.03E-09  2.37E-16  8.23E-17  8.23E-17  9.23E-16  0.00E+00  0.00E+00  0.00E+00  0.00E+00  0.00E+00  0.00E+00  0.00E+00  0.00E+00  0.00E+00  0.00E+00
10/18/2004 16:46:27  0.00E+00  0.00E+00  0.00E+00  0.00E+00  0.00E+00  0.00E+00  0.00E+00  0.00E+00  0.00E+00  0.00E+00  0.00E+00  0.00E+00  0.00E+00  0.00E+00  0.00E+00
10/28/2004 00:00:00  0.00E+00  0.00E+00  0.00E+00  0.00E+00  0.00E+00  0.00E+00  0.00E+00  0.00E+00  0.00E+00  0.00E+00  0.00E+00  0.00E+00  0.00E+00  0.00E+00  0.00E+00
10/28/2004 01:35:21  6.34E-08  5.78E-16  2.23E-16  2.23E-16  5.16E-15  0.00E+00  0.00E+00  0.00E+00  0.00E+00  0.00E+00  0.00E+00  0.00E+00  0.00E+00  0.00E+00  0.00E+00
10/28/2004 01:35:58  6.38E-08  5.83E-16  2.25E-16  2.25E-16  5.20E-15  0.00E+00  0.00E+00  0.00E+00  0.00E+00  0.00E+00  0.00E+00  0.00E+00  0.00E+00  0.00E+00  0.00E+00
10/28/2004 03:10:42  1.27E-07  1.64E-15  6.31E-16  6.31E-16  1.46E-14  0.00E+00  0.00E+00  0.00E+00  0.00E+00  0.00E+00  0.00E+00  0.00E+00  0.00E+00  0.00E+00  0.00E+00
10/28/2004 03:11:57  1.27E-07  1.65E-15  6.34E-16  6.34E-16  1.47E-14  0.00E+00  0.00E+00  0.00E+00  0.00E+00  0.00E+00  0.00E+00  0.00E+00  0.00E+00  0.00E+00  0.00E+00
10/28/2004 05:49:37  6.43E-08  5.93E-16  2.29E-16  2.29E-16  5.29E-15  0.00E+00  0.00E+00  0.00E+00  0.00E+00  0.00E+00  0.00E+00  0.00E+00  0.00E+00  0.00E+00  0.00E+00
10/28/2004 05:51:56  6.34E-08  5.79E-16  2.23E-16  2.23E-16  5.17E-15  0.00E+00  0.00E+00  0.00E+00  0.00E+00  0.00E+00  0.00E+00  0.00E+00  0.00E+00  0.00E+00  0.00E+00
10/28/2004 08:28:32  8.61E-10  9.34E-18  3.60E-18  3.60E-18  8.33E-17  0.00E+00  0.00E+00  0.00E+00  0.00E+00  0.00E+00  0.00E+00  0.00E+00  0.00E+00  0.00E+00  0.00E+00
10/28/2004 08:31:54  0.00E+00  0.00E+00  0.00E+00  0.00E+00  0.00E+00  0.00E+00  0.00E+00  0.00E+00  0.00E+00  0.00E+00  0.00E+00  0.00E+00  0.00E+00  0.00E+00  0.00E+00
11/21/2004 00:00:00  0.00E+00  0.00E+00  0.00E+00  0.00E+00  0.00E+00  0.00E+00  0.00E+00  0.00E+00  0.00E+00  0.00E+00  0.00E+00  0.00E+00  0.00E+00  0.00E+00  0.00E+00
11/21/2004 00:15:59  8.68E-05  1.43E-09  6.22E-10  6.22E-10  9.18E-09  0.00E+00  0.00E+00  0.00E+00  0.00E+00  0.00E+00  0.00E+00  0.00E+00  0.00E+00  0.00E+00  0.00E+00
11/21/2004 00:17:37  9.57E-05  1.61E-09  7.01E-10  7.01E-10  1.03E-08  0.00E+00  0.00E+00  0.00E+00  0.00E+00  0.00E+00  0.00E+00  0.00E+00  0.00E+00  0.00E+00  0.00E+00
11/21/2004 00:31:58  1.73E-04  3.94E-09  1.72E-09  1.72E-09  2.54E-08  0.00E+00  0.00E+00  0.00E+00  0.00E+00  0.00E+00  0.00E+00  0.00E+00  0.00E+00  0.00E+00  0.00E+00
11/21/2004 00:35:15  1.80E-04  4.21E-09  1.85E-09  1.85E-09  2.72E-08  0.00E+00  0.00E+00  0.00E+00  0.00E+00  0.00E+00  0.00E+00  0.00E+00  0.00E+00  0.00E+00  0.00E+00
11/21/2004 00:58:37  1.04E-04  1.93E-09  8.52E-10  8.52E-10  1.25E-08  0.00E+00  0.00E+00  0.00E+00  0.00E+00  0.00E+00  0.00E+00  0.00E+00  0.00E+00  0.00E+00  0.00E+00
11/21/2004 01:04:38  8.42E-05  1.43E-09  6.28E-10  6.28E-10  9.23E-09  0.00E+00  0.00E+00  0.00E+00  0.00E+00  0.00E+00  0.00E+00  0.00E+00  0.00E+00  0.00E+00  0.00E+00
11/21/2004 01:25:16  1.70E-05  3.22E-10  1.46E-10  1.46E-10  2.13E-09  0.00E+00  0.00E+00  0.00E+00  0.00E+00  0.00E+00  0.00E+00  0.00E+00  0.00E+00  0.00E+00  0.00E+00
11/21/2004 01:34:01  0.00E+00  0.00E+00  0.00E+00  0.00E+00  0.00E+00  0.00E+00  0.00E+00  0.00E+00  0.00E+00  0.00E+00  0.00E+00  0.00E+00  0.00E+00  0.00E+00  0.00E+00
01/04/2005 00:00:00  0.00E+00  0.00E+00  0.00E+00  0.00E+00  0.00E+00  0.00E+00  0.00E+00  0.00E+00  0.00E+00  0.00E+00  0.00E+00  0.00E+00  0.00E+00  0.00E+00  0.00E+00
01/04/2005 02:36:59  9.62E-07  1.35E-13  5.19E-14  5.19E-14  1.19E-12  0.00E+00  0.00E+00  0.00E+00  0.00E+00  0.00E+00  0.00E+00  0.00E+00  0.00E+00  0.00E+00  0.00E+00
01/04/2005 02:37:27  9.65E-07  1.35E-13  5.21E-14  5.21E-14  1.19E-12  0.00E+00  0.00E+00  0.00E+00  0.00E+00  0.00E+00  0.00E+00  0.00E+00  0.00E+00  0.00E+00  0.00E+00
01/04/2005 05:13:58  1.93E-06  3.81E-13  1.47E-13  1.47E-13  3.36E-12  0.00E+00  0.00E+00  0.00E+00  0.00E+00  0.00E+00  0.00E+00  0.00E+00  0.00E+00  0.00E+00  0.00E+00
01/04/2005 05:14:54  1.93E-06  3.80E-13  1.46E-13  1.46E-13  3.36E-12  0.00E+00  0.00E+00  0.00E+00  0.00E+00  0.00E+00  0.00E+00  0.00E+00  0.00E+00  0.00E+00  0.00E+00
01/04/2005 09:35:36  9.65E-07  1.35E-13  5.20E-14  5.20E-14  1.19E-12  0.00E+00  0.00E+00  0.00E+00  0.00E+00  0.00E+00  0.00E+00  0.00E+00  0.00E+00  0.00E+00  0.00E+00
01/04/2005 09:37:20  9.59E-07  1.34E-13  5.16E-14  5.16E-14  1.18E-12  0.00E+00  0.00E+00  0.00E+00  0.00E+00  0.00E+00  0.00E+00  0.00E+00  0.00E+00  0.00E+00  0.00E+00
01/04/2005 13:57:14  3.28E-09  2.97E-16  1.15E-16  1.15E-16  2.64E-15  0.00E+00  0.00E+00  0.00E+00  0.00E+00  0.00E+00  0.00E+00  0.00E+00  0.00E+00  0.00E+00  0.00E+00
01/04/2005 13:59:46  0.00E+00  0.00E+00  0.00E+00  0.00E+00  0.00E+00  0.00E+00  0.00E+00  0.00E+00  0.00E+00  0.00E+00  0.00E+00  0.00E+00  0.00E+00  0.00E+00  0.00E+00
01/11/2005 00:00:00  0.00E+00  0.00E+00  0.00E+00  0.00E+00  0.00E+00  0.00E+00  0.00E+00  0.00E+00  0.00E+00  0.00E+00  0.00E+00  0.00E+00  0.00E+00  0.00E+00  0.00E+00
01/11/2005 00:29:09  6.52E-06  8.61E-12  3.20E-12  3.20E-12  5.41E-11  0.00E+00  0.00E+00  0.00E+00  0.00E+00  0.00E+00  0.00E+00  0.00E+00  0.00E+00  0.00E+00  0.00E+00
01/11/2005 00:35:25  7.93E-06  1.09E-11  4.07E-12  4.07E-12  6.92E-11  0.00E+00  0.00E+00  0.00E+00  0.00E+00  0.00E+00  0.00E+00  0.00E+00  0.00E+00  0.00E+00  0.00E+00
01/11/2005 00:58:18  1.31E-05  2.33E-11  8.65E-12  8.65E-12  1.47E-10  0.00E+00  0.00E+00  0.00E+00  0.00E+00  0.00E+00  0.00E+00  0.00E+00  0.00E+00  0.00E+00  0.00E+00
01/11/2005 01:10:50  1.39E-05  2.66E-11  9.85E-12  9.85E-12  1.65E-10  0.00E+00  0.00E+00  0.00E+00  0.00E+00  0.00E+00  0.00E+00  0.00E+00  0.00E+00  0.00E+00  0.00E+00
01/11/2005 01:46:54  9.01E-06  1.49E-11  5.52E-12  5.52E-12  9.15E-11  0.00E+00  0.00E+00  0.00E+00  0.00E+00  0.00E+00  0.00E+00  0.00E+00  0.00E+00  0.00E+00  0.00E+00
01/11/2005 02:09:51  5.92E-06  8.55E-12  3.17E-12  3.17E-12  5.24E-11  0.00E+00  0.00E+00  0.00E+00  0.00E+00  0.00E+00  0.00E+00  0.00E+00  0.00E+00  0.00E+00  0.00E+00
01/11/2005 02:35:29  2.48E-06  4.01E-12  1.48E-12  1.48E-12  2.39E-11  0.00E+00  0.00E+00  0.00E+00  0.00E+00  0.00E+00  0.00E+00  0.00E+00  0.00E+00  0.00E+00  0.00E+00
01/11/2005 03:08:53  0.00E+00  0.00E+00  0.00E+00  0.00E+00  0.00E+00  0.00E+00  0.00E+00  0.00E+00  0.00E+00  0.00E+00  0.00E+00  0.00E+00  0.00E+00  0.00E+00  0.00E+00
02/11/2005 00:00:00  0.00E+00  0.00E+00  0.00E+00  0.00E+00  0.00E+00  0.00E+00  0.00E+00  0.00E+00  0.00E+00  0.00E+00  0.00E+00  0.00E+00  0.00E+00  0.00E+00  0.00E+00
02/11/2005 01:31:31  1.69E-06  4.59E-13  1.75E-13  1.75E-13  3.63E-12  0.00E+00  0.00E+00  0.00E+00  0.00E+00  0.00E+00  0.00E+00  0.00E+00  0.00E+00  0.00E+00  0.00E+00
02/11/2005 01:33:31  1.72E-06  4.76E-13  1.81E-13  1.81E-13  3.76E-12  0.00E+00  0.00E+00  0.00E+00  0.00E+00  0.00E+00  0.00E+00  0.00E+00  0.00E+00  0.00E+00  0.00E+00
02/11/2005 03:03:02  3.37E-06  1.30E-12  4.94E-13  4.94E-13  1.02E-11  0.00E+00  0.00E+00  0.00E+00  0.00E+00  0.00E+00  0.00E+00  0.00E+00  0.00E+00  0.00E+00  0.00E+00
02/11/2005 03:07:02  3.37E-06  1.29E-12  4.90E-13  4.90E-13  1.02E-11  0.00E+00  0.00E+00  0.00E+00  0.00E+00  0.00E+00  0.00E+00  0.00E+00  0.00E+00  0.00E+00  0.00E+00
02/11/2005 05:35:35  1.73E-06  4.70E-13  1.79E-13  1.79E-13  3.72E-12  0.00E+00  0.00E+00  0.00E+00  0.00E+00  0.00E+00  0.00E+00  0.00E+00  0.00E+00  0.00E+00  0.00E+00
02/11/2005 05:42:53  1.65E-06  4.44E-13  1.69E-13  1.69E-13  3.52E-12  0.00E+00  0.00E+00  0.00E+00  0.00E+00  0.00E+00  0.00E+00  0.00E+00  0.00E+00  0.00E+00  0.00E+00
02/11/2005 08:08:07  4.02E-08  6.64E-15  2.54E-15  2.54E-15  5.53E-14  0.00E+00  0.00E+00  0.00E+00  0.00E+00  0.00E+00  0.00E+00  0.00E+00  0.00E+00  0.00E+00  0.00E+00
02/11/2005 08:18:45  0.00E+00  0.00E+00  0.00E+00  0.00E+00  0.00E+00  0.00E+00  0.00E+00  0.00E+00  0.00E+00  0.00E+00  0.00E+00  0.00E+00  0.00E+00  0.00E+00  0.00E+00
02/12/2005 00:00:00  0.00E+00  0.00E+00  0.00E+00  0.00E+00  0.00E+00  0.00E+00  0.00E+00  0.00E+00  0.00E+00  0.00E+00  0.00E+00  0.00E+00  0.00E+00  0.00E+00  0.00E+00
02/12/2005 03:26:55  1.32E-07  2.55E-15  9.79E-16  9.79E-16  2.28E-14  0.00E+00  0.00E+00  0.00E+00  0.00E+00  0.00E+00  0.00E+00  0.00E+00  0.00E+00  0.00E+00  0.00E+00
02/12/2005 06:53:51  2.65E-07  7.21E-15  2.77E-15  2.77E-15  6.44E-14  0.00E+00  0.00E+00  0.00E+00  0.00E+00  0.00E+00  0.00E+00  0.00E+00  0.00E+00  0.00E+00  0.00E+00
02/12/2005 12:38:45  1.32E-07  2.55E-15  9.79E-16  9.79E-16  2.28E-14  0.00E+00  0.00E+00  0.00E+00  0.00E+00  0.00E+00  0.00E+00  0.00E+00  0.00E+00  0.00E+00  0.00E+00
02/12/2005 12:38:58  1.32E-07  2.55E-15  9.79E-16  9.79E-16  2.28E-14  0.00E+00  0.00E+00  0.00E+00  0.00E+00  0.00E+00  0.00E+00  0.00E+00  0.00E+00  0.00E+00  0.00E+00
02/12/2005 18:23:38  4.17E-11  5.03E-19  1.93E-19  1.93E-19  4.49E-18  0.00E+00  0.00E+00  0.00E+00  0.00E+00  0.00E+00  0.00E+00  0.00E+00  0.00E+00  0.00E+00  0.00E+00
02/12/2005 18:23:57  0.00E+00  0.00E+00  0.00E+00  0.00E+00  0.00E+00  0.00E+00  0.00E+00  0.00E+00  0.00E+00  0.00E+00  0.00E+00  0.00E+00  0.00E+00  0.00E+00  0.00E+00
02/18/2005 00:00:00  0.00E+00  0.00E+00  0.00E+00  0.00E+00  0.00E+00  0.00E+00  0.00E+00  0.00E+00  0.00E+00  0.00E+00  0.00E+00  0.00E+00  0.00E+00  0.00E+00  0.00E+00
02/18/2005 03:26:18  1.31E-07  2.49E-15  9.66E-16  9.66E-16  2.24E-14  0.00E+00  0.00E+00  0.00E+00  0.00E+00  0.00E+00  0.00E+00  0.00E+00  0.00E+00  0.00E+00  0.00E+00
02/18/2005 03:27:58  1.32E-07  2.51E-15  9.75E-16  9.75E-16  2.26E-14  0.00E+00  0.00E+00  0.00E+00  0.00E+00  0.00E+00  0.00E+00  0.00E+00  0.00E+00  0.00E+00  0.00E+00
02/18/2005 06:52:37  2.62E-07  7.03E-15  2.73E-15  2.73E-15  6.33E-14  0.00E+00  0.00E+00  0.00E+00  0.00E+00  0.00E+00  0.00E+00  0.00E+00  0.00E+00  0.00E+00  0.00E+00
02/18/2005 06:55:57  2.63E-07  7.08E-15  2.75E-15  2.75E-15  6.37E-14  0.00E+00  0.00E+00  0.00E+00  0.00E+00  0.00E+00  0.00E+00  0.00E+00  0.00E+00  0.00E+00  0.00E+00
02/18/2005 12:36:28  1.33E-07  2.57E-15  9.97E-16  9.97E-16  2.31E-14  0.00E+00  0.00E+00  0.00E+00  0.00E+00  0.00E+00  0.00E+00  0.00E+00  0.00E+00  0.00E+00  0.00E+00
02/18/2005 12:42:35  1.31E-07  2.49E-15  9.68E-16  9.68E-16  2.24E-14  0.00E+00  0.00E+00  0.00E+00  0.00E+00  0.00E+00  0.00E+00  0.00E+00  0.00E+00  0.00E+00  0.00E+00
02/18/2005 18:20:19  2.22E-09  5.07E-17  1.96E-17  1.96E-17  4.55E-16  0.00E+00  0.00E+00  0.00E+00  0.00E+00  0.00E+00  0.00E+00  0.00E+00  0.00E+00  0.00E+00  0.00E+00
02/18/2005 18:29:14  0.00E+00  0.00E+00  0.00E+00  0.00E+00  0.00E+00  0.00E+00  0.00E+00  0.00E+00  0.00E+00  0.00E+00  0.00E+00  0.00E+00  0.00E+00  0.00E+00  0.00E+00
02/21/2005 00:00:00  0.00E+00  0.00E+00  0.00E+00  0.00E+00  0.00E+00  0.00E+00  0.00E+00  0.00E+00  0.00E+00  0.00E+00  0.00E+00  0.00E+00  0.00E+00  0.00E+00  0.00E+00
02/21/2005 00:13:57  1.72E-04  4.66E-09  1.87E-09  1.87E-09  3.76E-08  0.00E+00  0.00E+00  0.00E+00  0.00E+00  0.00E+00  0.00E+00  0.00E+00  0.00E+00  0.00E+00  0.00E+00
02/21/2005 00:15:20  1.88E-04  5.21E-09  2.09E-09  2.09E-09  4.23E-08  0.00E+00  0.00E+00  0.00E+00  0.00E+00  0.00E+00  0.00E+00  0.00E+00  0.00E+00  0.00E+00  0.00E+00
02/21/2005 00:27:55  3.42E-04  1.29E-08  5.17E-09  5.17E-09  1.04E-07  0.00E+00  0.00E+00  0.00E+00  0.00E+00  0.00E+00  0.00E+00  0.00E+00  0.00E+00  0.00E+00  0.00E+00
02/21/2005 00:30:40  3.54E-04  1.40E-08  5.61E-09  5.61E-09  1.11E-07  0.00E+00  0.00E+00  0.00E+00  0.00E+00  0.00E+00  0.00E+00  0.00E+00  0.00E+00  0.00E+00  0.00E+00
02/21/2005 00:51:11  2.04E-04  6.47E-09  2.60E-09  2.60E-09  5.06E-08  0.00E+00  0.00E+00  0.00E+00  0.00E+00  0.00E+00  0.00E+00  0.00E+00  0.00E+00  0.00E+00  0.00E+00
02/21/2005 00:56:14  1.67E-04  4.79E-09  1.93E-09  1.93E-09  3.77E-08  0.00E+00  0.00E+00  0.00E+00  0.00E+00  0.00E+00  0.00E+00  0.00E+00  0.00E+00  0.00E+00  0.00E+00
02/21/2005 01:14:28  3.25E-05  1.14E-09  4.65E-10  4.65E-10  8.25E-09  0.00E+00  0.00E+00  0.00E+00  0.00E+00  0.00E+00  0.00E+00  0.00E+00  0.00E+00  0.00E+00  0.00E+00
02/21/2005 01:21:49  0.00E+00  0.00E+00  0.00E+00  0.00E+00  0.00E+00  0.00E+00  0.00E+00  0.00E+00  0.00E+00  0.00E+00  0.00E+00  0.00E+00  0.00E+00  0.00E+00  0.00E+00
02/22/2005 00:00:00  0.00E+00  0.00E+00  0.00E+00  0.00E+00  0.00E+00  0.00E+00  0.00E+00  0.00E+00  0.00E+00  0.00E+00  0.00E+00  0.00E+00  0.00E+00  0.00E+00  0.00E+00
02/22/2005 00:57:14  1.96E-06  7.00E-13  2.61E-13  2.61E-13  4.77E-12  0.00E+00  0.00E+00  0.00E+00  0.00E+00  0.00E+00  0.00E+00  0.00E+00  0.00E+00  0.00E+00  0.00E+00
02/22/2005 00:58:14  1.99E-06  7.20E-13  2.68E-13  2.68E-13  4.91E-12  0.00E+00  0.00E+00  0.00E+00  0.00E+00  0.00E+00  0.00E+00  0.00E+00  0.00E+00  0.00E+00  0.00E+00
02/22/2005 01:54:28  3.92E-06  1.97E-12  7.38E-13  7.38E-13  1.35E-11  0.00E+00  0.00E+00  0.00E+00  0.00E+00  0.00E+00  0.00E+00  0.00E+00  0.00E+00  0.00E+00  0.00E+00
02/22/2005 01:56:29  3.91E-06  1.96E-12  7.33E-13  7.33E-13  1.34E-11  0.00E+00  0.00E+00  0.00E+00  0.00E+00  0.00E+00  0.00E+00  0.00E+00  0.00E+00  0.00E+00  0.00E+00
02/22/2005 03:29:52  1.99E-06  7.12E-13  2.66E-13  2.66E-13  4.87E-12  0.00E+00  0.00E+00  0.00E+00  0.00E+00  0.00E+00  0.00E+00  0.00E+00  0.00E+00  0.00E+00  0.00E+00
02/22/2005 03:33:33  1.92E-06  6.80E-13  2.54E-13  2.54E-13  4.65E-12  0.00E+00  0.00E+00  0.00E+00  0.00E+00  0.00E+00  0.00E+00  0.00E+00  0.00E+00  0.00E+00  0.00E+00
02/22/2005 05:05:16  3.80E-08  7.90E-15  2.97E-15  2.97E-15  6.03E-14  0.00E+00  0.00E+00  0.00E+00  0.00E+00  0.00E+00  0.00E+00  0.00E+00  0.00E+00  0.00E+00  0.00E+00
02/22/2005 05:10:38  0.00E+00  0.00E+00  0.00E+00  0.00E+00  0.00E+00  0.00E+00  0.00E+00  0.00E+00  0.00E+00  0.00E+00  0.00E+00  0.00E+00  0.00E+00  0.00E+00  0.00E+00
02/23/2005 00:00:00  0.00E+00  0.00E+00  0.00E+00  0.00E+00  0.00E+00  0.00E+00  0.00E+00  0.00E+00  0.00E+00  0.00E+00  0.00E+00  0.00E+00  0.00E+00  0.00E+00  0.00E+00
02/23/2005 00:13:34  1.89E-04  6.19E-09  2.38E-09  2.38E-09  4.52E-08  0.00E+00  0.00E+00  0.00E+00  0.00E+00  0.00E+00  0.00E+00  0.00E+00  0.00E+00  0.00E+00  0.00E+00
02/23/2005 00:14:55  2.08E-04  6.93E-09  2.67E-09  2.67E-09  5.08E-08  0.00E+00  0.00E+00  0.00E+00  0.00E+00  0.00E+00  0.00E+00  0.00E+00  0.00E+00  0.00E+00  0.00E+00
02/23/2005 00:27:09  3.78E-04  1.71E-08  6.58E-09  6.58E-09  1.25E-07  0.00E+00  0.00E+00  0.00E+00  0.00E+00  0.00E+00  0.00E+00  0.00E+00  0.00E+00  0.00E+00  0.00E+00
02/23/2005 00:29:51  3.91E-04  1.84E-08  7.09E-09  7.09E-09  1.34E-07  0.00E+00  0.00E+00  0.00E+00  0.00E+00  0.00E+00  0.00E+00  0.00E+00  0.00E+00  0.00E+00  0.00E+00
02/23/2005 00:49:47  2.25E-04  8.46E-09  3.26E-09  3.26E-09  6.09E-08  0.00E+00  0.00E+00  0.00E+00  0.00E+00  0.00E+00  0.00E+00  0.00E+00  0.00E+00  0.00E+00  0.00E+00
02/23/2005 00:54:43  1.83E-04  6.29E-09  2.42E-09  2.42E-09  4.54E-08  0.00E+00  0.00E+00  0.00E+00  0.00E+00  0.00E+00  0.00E+00  0.00E+00  0.00E+00  0.00E+00  0.00E+00
02/23/2005 01:12:26  3.57E-05  1.45E-09  5.59E-10  5.59E-10  1.00E-08  0.00E+00  0.00E+00  0.00E+00  0.00E+00  0.00E+00  0.00E+00  0.00E+00  0.00E+00  0.00E+00  0.00E+00
02/23/2005 01:19:36  0.00E+00  0.00E+00  0.00E+00  0.00E+00  0.00E+00  0.00E+00  0.00E+00  0.00E+00  0.00E+00  0.00E+00  0.00E+00  0.00E+00  0.00E+00  0.00E+00  0.00E+00
03/05/2005 00:00:00  0.00E+00  0.00E+00  0.00E+00  0.00E+00  0.00E+00  0.00E+00  0.00E+00  0.00E+00  0.00E+00  0.00E+00  0.00E+00  0.00E+00  0.00E+00  0.00E+00  0.00E+00
03/05/2005 00:13:49  1.72E-04  5.12E-09  1.93E-09  1.93E-09  3.73E-08  0.00E+00  0.00E+00  0.00E+00  0.00E+00  0.00E+00  0.00E+00  0.00E+00  0.00E+00  0.00E+00  0.00E+00
03/05/2005 00:15:05  1.88E-04  5.69E-09  2.15E-09  2.15E-09  4.15E-08  0.00E+00  0.00E+00  0.00E+00  0.00E+00  0.00E+00  0.00E+00  0.00E+00  0.00E+00  0.00E+00  0.00E+00
03/05/2005 00:27:39  3.43E-04  1.42E-08  5.36E-09  5.36E-09  1.03E-07  0.00E+00  0.00E+00  0.00E+00  0.00E+00  0.00E+00  0.00E+00  0.00E+00  0.00E+00  0.00E+00  0.00E+00
03/05/2005 00:30:11  3.54E-04  1.52E-08  5.72E-09  5.72E-09  1.10E-07  0.00E+00  0.00E+00  0.00E+00  0.00E+00  0.00E+00  0.00E+00  0.00E+00  0.00E+00  0.00E+00  0.00E+00
03/05/2005 00:50:42  2.02E-04  6.83E-09  2.58E-09  2.58E-09  4.94E-08  0.00E+00  0.00E+00  0.00E+00  0.00E+00  0.00E+00  0.00E+00  0.00E+00  0.00E+00  0.00E+00  0.00E+00
03/05/2005 00:55:21  1.68E-04  5.18E-09  1.95E-09  1.95E-09  3.75E-08  0.00E+00  0.00E+00  0.00E+00  0.00E+00  0.00E+00  0.00E+00  0.00E+00  0.00E+00  0.00E+00  0.00E+00
03/05/2005 01:13:45  3.04E-05  1.09E-09  4.11E-10  4.11E-10  7.74E-09  0.00E+00  0.00E+00  0.00E+00  0.00E+00  0.00E+00  0.00E+00  0.00E+00  0.00E+00  0.00E+00  0.00E+00
03/05/2005 01:20:31  0.00E+00  0.00E+00  0.00E+00  0.00E+00  0.00E+00  0.00E+00  0.00E+00  0.00E+00  0.00E+00  0.00E+00  0.00E+00  0.00E+00  0.00E+00  0.00E+00  0.00E+00
11/01/2005 00:00:00  0.00E+00  0.00E+00  0.00E+00  0.00E+00  0.00E+00  0.00E+00  0.00E+00  0.00E+00  0.00E+00  0.00E+00  0.00E+00  0.00E+00  0.00E+00  0.00E+00  0.00E+00
11/01/2005 00:48:06  3.42E-08  1.65E-16  6.42E-17  6.42E-17  1.50E-15  0.00E+00  0.00E+00  0.00E+00  0.00E+00  0.00E+00  0.00E+00  0.00E+00  0.00E+00  0.00E+00  0.00E+00
11/01/2005 00:48:20  3.44E-08  1.66E-16  6.45E-17  6.45E-17  1.51E-15  0.00E+00  0.00E+00  0.00E+00  0.00E+00  0.00E+00  0.00E+00  0.00E+00  0.00E+00  0.00E+00  0.00E+00
11/01/2005 01:36:13  6.84E-08  4.66E-16  1.82E-16  1.82E-16  4.22E-15  0.00E+00  0.00E+00  0.00E+00  0.00E+00  0.00E+00  0.00E+00  0.00E+00  0.00E+00  0.00E+00  0.00E+00
11/01/2005 01:36:40  6.85E-08  4.68E-16  1.82E-16  1.82E-16  4.24E-15  0.00E+00  0.00E+00  0.00E+00  0.00E+00  0.00E+00  0.00E+00  0.00E+00  0.00E+00  0.00E+00  0.00E+00
11/01/2005 02:56:24  3.45E-08  1.68E-16  6.53E-17  6.53E-17  1.52E-15  0.00E+00  0.00E+00  0.00E+00  0.00E+00  0.00E+00  0.00E+00  0.00E+00  0.00E+00  0.00E+00  0.00E+00
11/01/2005 02:57:13  3.42E-08  1.65E-16  6.42E-17  6.42E-17  1.50E-15  0.00E+00  0.00E+00  0.00E+00  0.00E+00  0.00E+00  0.00E+00  0.00E+00  0.00E+00  0.00E+00  0.00E+00
11/01/2005 04:16:35  3.22E-10  1.84E-18  7.15E-19  7.15E-19  1.67E-17  0.00E+00  0.00E+00  0.00E+00  0.00E+00  0.00E+00  0.00E+00  0.00E+00  0.00E+00  0.00E+00  0.00E+00
11/01/2005 04:17:46  0.00E+00  0.00E+00  0.00E+00  0.00E+00  0.00E+00  0.00E+00  0.00E+00  0.00E+00  0.00E+00  0.00E+00  0.00E+00  0.00E+00  0.00E+00  0.00E+00  0.00E+00
02/28/2006 00:00:00  0.00E+00  0.00E+00  0.00E+00  0.00E+00  0.00E+00  0.00E+00  0.00E+00  0.00E+00  0.00E+00  0.00E+00  0.00E+00  0.00E+00  0.00E+00  0.00E+00  0.00E+00
02/28/2006 03:36:57  3.58E-07  4.37E-14  1.07E-14  1.07E-14  1.31E-13  0.00E+00  0.00E+00  0.00E+00  0.00E+00  0.00E+00  0.00E+00  0.00E+00  0.00E+00  0.00E+00  0.00E+00
02/28/2006 03:37:19  3.58E-07  4.38E-14  1.08E-14  1.08E-14  1.31E-13  0.00E+00  0.00E+00  0.00E+00  0.00E+00  0.00E+00  0.00E+00  0.00E+00  0.00E+00  0.00E+00  0.00E+00
02/28/2006 07:13:55  7.16E-07  1.23E-13  3.04E-14  3.04E-14  3.70E-13  0.00E+00  0.00E+00  0.00E+00  0.00E+00  0.00E+00  0.00E+00  0.00E+00  0.00E+00  0.00E+00  0.00E+00
02/28/2006 07:14:39  7.16E-07  1.23E-13  3.03E-14  3.03E-14  3.70E-13  0.00E+00  0.00E+00  0.00E+00  0.00E+00  0.00E+00  0.00E+00  0.00E+00  0.00E+00  0.00E+00  0.00E+00
02/28/2006 13:15:30  3.58E-07  4.37E-14  1.07E-14  1.07E-14  1.31E-13  0.00E+00  0.00E+00  0.00E+00  0.00E+00  0.00E+00  0.00E+00  0.00E+00  0.00E+00  0.00E+00  0.00E+00
02/28/2006 13:16:52  3.57E-07  4.35E-14  1.07E-14  1.07E-14  1.31E-13  0.00E+00  0.00E+00  0.00E+00  0.00E+00  0.00E+00  0.00E+00  0.00E+00  0.00E+00  0.00E+00  0.00E+00
02/28/2006 19:17:06  7.06E-10  3.50E-17  8.82E-18  8.82E-18  2.04E-16  0.00E+00  0.00E+00  0.00E+00  0.00E+00  0.00E+00  0.00E+00  0.00E+00  0.00E+00  0.00E+00  0.00E+00
02/28/2006 19:19:05  0.00E+00  0.00E+00  0.00E+00  0.00E+00  0.00E+00  0.00E+00  0.00E+00  0.00E+00  0.00E+00  0.00E+00  0.00E+00  0.00E+00  0.00E+00  0.00E+00  0.00E+00
01/31/2007 00:00:00  0.00E+00  0.00E+00  0.00E+00  0.00E+00  0.00E+00  0.00E+00  0.00E+00  0.00E+00  0.00E+00  0.00E+00  0.00E+00  0.00E+00  0.00E+00  0.00E+00  0.00E+00
01/31/2007 00:46:58  3.01E-08  1.29E-16  5.01E-17  5.01E-17  1.17E-15  0.00E+00  0.00E+00  0.00E+00  0.00E+00  0.00E+00  0.00E+00  0.00E+00  0.00E+00  0.00E+00  0.00E+00
01/31/2007 00:47:27  3.04E-08  1.30E-16  5.07E-17  5.07E-17  1.18E-15  0.00E+00  0.00E+00  0.00E+00  0.00E+00  0.00E+00  0.00E+00  0.00E+00  0.00E+00  0.00E+00  0.00E+00
01/31/2007 01:33:57  6.04E-08  3.63E-16  1.41E-16  1.41E-16  3.31E-15  0.00E+00  0.00E+00  0.00E+00  0.00E+00  0.00E+00  0.00E+00  0.00E+00  0.00E+00  0.00E+00  0.00E+00
01/31/2007 01:34:55  6.07E-08  3.66E-16  1.42E-16  1.42E-16  3.34E-15  0.00E+00  0.00E+00  0.00E+00  0.00E+00  0.00E+00  0.00E+00  0.00E+00  0.00E+00  0.00E+00  0.00E+00
01/31/2007 02:52:15  3.07E-08  1.34E-16  5.21E-17  5.21E-17  1.22E-15  0.00E+00  0.00E+00  0.00E+00  0.00E+00  0.00E+00  0.00E+00  0.00E+00  0.00E+00  0.00E+00  0.00E+00
01/31/2007 02:54:01  3.01E-08  1.29E-16  5.02E-17  5.02E-17  1.17E-15  0.00E+00  0.00E+00  0.00E+00  0.00E+00  0.00E+00  0.00E+00  0.00E+00  0.00E+00  0.00E+00  0.00E+00
01/31/2007 04:10:33  6.29E-10  3.18E-18  1.24E-18  1.24E-18  2.91E-17  0.00E+00  0.00E+00  0.00E+00  0.00E+00  0.00E+00  0.00E+00  0.00E+00  0.00E+00  0.00E+00  0.00E+00
01/31/2007 04:13:07  0.00E+00  0.00E+00  0.00E+00  0.00E+00  0.00E+00  0.00E+00  0.00E+00  0.00E+00  0.00E+00  0.00E+00  0.00E+00  0.00E+00  0.00E+00  0.00E+00  0.00E+00
05/23/2008 00:00:00  0.00E+00  0.00E+00  0.00E+00  0.00E+00  0.00E+00  0.00E+00  0.00E+00  0.00E+00  0.00E+00  0.00E+00  0.00E+00  0.00E+00  0.00E+00  0.00E+00  0.00E+00
05/23/2008 00:21:52  2.19E-05  1.46E-10  5.34E-11  5.34E-11  5.29E-10  0.00E+00  0.00E+00  0.00E+00  0.00E+00  0.00E+00  0.00E+00  0.00E+00  0.00E+00  0.00E+00  0.00E+00
05/23/2008 00:27:18  2.74E-05  1.94E-10  7.07E-11  7.07E-11  7.01E-10  0.00E+00  0.00E+00  0.00E+00  0.00E+00  0.00E+00  0.00E+00  0.00E+00  0.00E+00  0.00E+00  0.00E+00
05/23/2008 00:43:45  4.39E-05  3.95E-10  1.44E-10  1.44E-10  1.43E-09  0.00E+00  0.00E+00  0.00E+00  0.00E+00  0.00E+00  0.00E+00  0.00E+00  0.00E+00  0.00E+00  0.00E+00
05/23/2008 00:54:37  4.66E-05  4.38E-10  1.64E-10  1.64E-10  1.63E-09  0.00E+00  0.00E+00  0.00E+00  0.00E+00  0.00E+00  0.00E+00  0.00E+00  0.00E+00  0.00E+00  0.00E+00
05/23/2008 01:20:12  3.12E-05  2.51E-10  9.55E-11  9.55E-11  9.47E-10  0.00E+00  0.00E+00  0.00E+00  0.00E+00  0.00E+00  0.00E+00  0.00E+00  0.00E+00  0.00E+00  0.00E+00
05/23/2008 01:40:08  1.92E-05  1.33E-10  5.09E-11  5.09E-11  5.05E-10  0.00E+00  0.00E+00  0.00E+00  0.00E+00  0.00E+00  0.00E+00  0.00E+00  0.00E+00  0.00E+00  0.00E+00
05/23/2008 01:56:39  9.30E-06  6.69E-11  2.67E-11  2.67E-11  2.65E-10  0.00E+00  0.00E+00  0.00E+00  0.00E+00  0.00E+00  0.00E+00  0.00E+00  0.00E+00  0.00E+00  0.00E+00
05/23/2008 02:25:39  0.00E+00  0.00E+00  0.00E+00  0.00E+00  0.00E+00  0.00E+00  0.00E+00  0.00E+00  0.00E+00  0.00E+00  0.00E+00  0.00E+00  0.00E+00  0.00E+00  0.00E+00
12/17/2008 00:00:00  0.00E+00  0.00E+00  0.00E+00  0.00E+00  0.00E+00  0.00E+00  0.00E+00  0.00E+00  0.00E+00  0.00E+00  0.00E+00  0.00E+00  0.00E+00  0.00E+00  0.00E+00
12/17/2008 00:16:50  6.20E-05  9.73E-10  3.86E-10  3.86E-10  4.35E-09  0.00E+00  0.00E+00  0.00E+00  0.00E+00  0.00E+00  0.00E+00  0.00E+00  0.00E+00  0.00E+00  0.00E+00
12/17/2008 00:19:18  7.11E-05  1.16E-09  4.57E-10  4.57E-10  5.16E-09  0.00E+00  0.00E+00  0.00E+00  0.00E+00  0.00E+00  0.00E+00  0.00E+00  0.00E+00  0.00E+00  0.00E+00
12/17/2008 00:33:40  1.24E-04  2.68E-09  1.06E-09  1.06E-09  1.20E-08  0.00E+00  0.00E+00  0.00E+00  0.00E+00  0.00E+00  0.00E+00  0.00E+00  0.00E+00  0.00E+00  0.00E+00
12/17/2008 00:38:36  1.30E-04  2.92E-09  1.17E-09  1.17E-09  1.31E-08  0.00E+00  0.00E+00  0.00E+00  0.00E+00  0.00E+00  0.00E+00  0.00E+00  0.00E+00  0.00E+00  0.00E+00
12/17/2008 01:01:44  7.87E-05  1.45E-09  5.86E-10  5.86E-10  6.52E-09  0.00E+00  0.00E+00  0.00E+00  0.00E+00  0.00E+00  0.00E+00  0.00E+00  0.00E+00  0.00E+00  0.00E+00
12/17/2008 01:10:47  5.87E-05  9.63E-10  3.89E-10  3.89E-10  4.33E-09  0.00E+00  0.00E+00  0.00E+00  0.00E+00  0.00E+00  0.00E+00  0.00E+00  0.00E+00  0.00E+00  0.00E+00
12/17/2008 01:29:48  1.67E-05  3.03E-10  1.27E-10  1.27E-10  1.38E-09  0.00E+00  0.00E+00  0.00E+00  0.00E+00  0.00E+00  0.00E+00  0.00E+00  0.00E+00  0.00E+00  0.00E+00
12/17/2008 01:42:58  0.00E+00  0.00E+00  0.00E+00  0.00E+00  0.00E+00  0.00E+00  0.00E+00  0.00E+00  0.00E+00  0.00E+00  0.00E+00  0.00E+00  0.00E+00  0.00E+00  0.00E+00
02/07/2009 00:00:00  0.00E+00  0.00E+00  0.00E+00  0.00E+00  0.00E+00  0.00E+00  0.00E+00  0.00E+00  0.00E+00  0.00E+00  0.00E+00  0.00E+00  0.00E+00  0.00E+00  0.00E+00
02/07/2009 01:37:26  7.36E-08  7.71E-16  2.98E-16  2.98E-16  6.89E-15  0.00E+00  0.00E+00  0.00E+00  0.00E+00  0.00E+00  0.00E+00  0.00E+00  0.00E+00  0.00E+00  0.00E+00
02/07/2009 03:14:52  1.47E-07  2.18E-15  8.43E-16  8.43E-16  1.95E-14  0.00E+00  0.00E+00  0.00E+00  0.00E+00  0.00E+00  0.00E+00  0.00E+00  0.00E+00  0.00E+00  0.00E+00
02/07/2009 05:57:02  7.37E-08  7.73E-16  2.98E-16  2.98E-16  6.90E-15  0.00E+00  0.00E+00  0.00E+00  0.00E+00  0.00E+00  0.00E+00  0.00E+00  0.00E+00  0.00E+00  0.00E+00
02/07/2009 05:57:16  7.36E-08  7.71E-16  2.98E-16  2.98E-16  6.89E-15  0.00E+00  0.00E+00  0.00E+00  0.00E+00  0.00E+00  0.00E+00  0.00E+00  0.00E+00  0.00E+00  0.00E+00
02/07/2009 08:39:20  9.67E-11  1.20E-18  4.64E-19  4.64E-19  1.08E-17  0.00E+00  0.00E+00  0.00E+00  0.00E+00  0.00E+00  0.00E+00  0.00E+00  0.00E+00  0.00E+00  0.00E+00
02/07/2009 08:39:40  0.00E+00  0.00E+00  0.00E+00  0.00E+00  0.00E+00  0.00E+00  0.00E+00  0.00E+00  0.00E+00  0.00E+00  0.00E+00  0.00E+00  0.00E+00  0.00E+00  0.00E+00
02/09/2009 00:00:00  0.00E+00  0.00E+00  0.00E+00  0.00E+00  0.00E+00  0.00E+00  0.00E+00  0.00E+00  0.00E+00  0.00E+00  0.00E+00  0.00E+00  0.00E+00  0.00E+00  0.00E+00
02/09/2009 03:31:55  1.58E-07  3.56E-15  1.38E-15  1.38E-15  3.20E-14  0.00E+00  0.00E+00  0.00E+00  0.00E+00  0.00E+00  0.00E+00  0.00E+00  0.00E+00  0.00E+00  0.00E+00
02/09/2009 03:33:43  1.59E-07  3.61E-15  1.40E-15  1.40E-15  3.24E-14  0.00E+00  0.00E+00  0.00E+00  0.00E+00  0.00E+00  0.00E+00  0.00E+00  0.00E+00  0.00E+00  0.00E+00
02/09/2009 07:03:51  3.15E-07  1.01E-14  3.90E-15  3.90E-15  9.03E-14  0.00E+00  0.00E+00  0.00E+00  0.00E+00  0.00E+00  0.00E+00  0.00E+00  0.00E+00  0.00E+00  0.00E+00
02/09/2009 07:07:27  3.15E-07  1.00E-14  3.89E-15  3.89E-15  9.00E-14  0.00E+00  0.00E+00  0.00E+00  0.00E+00  0.00E+00  0.00E+00  0.00E+00  0.00E+00  0.00E+00  0.00E+00
02/09/2009 12:57:03  1.59E-07  3.59E-15  1.40E-15  1.40E-15  3.23E-14  0.00E+00  0.00E+00  0.00E+00  0.00E+00  0.00E+00  0.00E+00  0.00E+00  0.00E+00  0.00E+00  0.00E+00
02/09/2009 13:03:40  1.56E-07  3.51E-15  1.37E-15  1.37E-15  3.16E-14  0.00E+00  0.00E+00  0.00E+00  0.00E+00  0.00E+00  0.00E+00  0.00E+00  0.00E+00  0.00E+00  0.00E+00
02/09/2009 18:50:16  1.52E-09  2.25E-17  8.77E-18  8.77E-18  2.03E-16  0.00E+00  0.00E+00  0.00E+00  0.00E+00  0.00E+00  0.00E+00  0.00E+00  0.00E+00  0.00E+00  0.00E+00
02/09/2009 18:59:53  0.00E+00  0.00E+00  0.00E+00  0.00E+00  0.00E+00  0.00E+00  0.00E+00  0.00E+00  0.00E+00  0.00E+00  0.00E+00  0.00E+00  0.00E+00  0.00E+00  0.00E+00
01/21/2010 00:00:00  0.00E+00  0.00E+00  0.00E+00  0.00E+00  0.00E+00  0.00E+00  0.00E+00  0.00E+00  0.00E+00  0.00E+00  0.00E+00  0.00E+00  0.00E+00  0.00E+00  0.00E+00
01/21/2010 00:19:45  2.89E-05  2.06E-10  8.19E-11  8.19E-11  9.44E-10  0.00E+00  0.00E+00  0.00E+00  0.00E+00  0.00E+00  0.00E+00  0.00E+00  0.00E+00  0.00E+00  0.00E+00
01/21/2010 00:21:46  3.19E-05  2.31E-10  9.16E-11  9.16E-11  1.07E-09  0.00E+00  0.00E+00  0.00E+00  0.00E+00  0.00E+00  0.00E+00  0.00E+00  0.00E+00  0.00E+00  0.00E+00
01/21/2010 00:39:31  5.79E-05  5.70E-10  2.26E-10  2.26E-10  2.62E-09  0.00E+00  0.00E+00  0.00E+00  0.00E+00  0.00E+00  0.00E+00  0.00E+00  0.00E+00  0.00E+00  0.00E+00
01/21/2010 00:43:33  6.00E-05  6.21E-10  2.47E-10  2.47E-10  2.78E-09  0.00E+00  0.00E+00  0.00E+00  0.00E+00  0.00E+00  0.00E+00  0.00E+00  0.00E+00  0.00E+00  0.00E+00
01/21/2010 01:12:28  3.46E-05  2.90E-10  1.16E-10  1.16E-10  1.27E-09  0.00E+00  0.00E+00  0.00E+00  0.00E+00  0.00E+00  0.00E+00  0.00E+00  0.00E+00  0.00E+00  0.00E+00
01/21/2010 01:19:51  2.81E-05  2.13E-10  8.50E-11  8.50E-11  9.39E-10  0.00E+00  0.00E+00  0.00E+00  0.00E+00  0.00E+00  0.00E+00  0.00E+00  0.00E+00  0.00E+00  0.00E+00
01/21/2010 01:45:24  5.63E-06  5.33E-11  2.15E-11  2.15E-11  2.06E-10  0.00E+00  0.00E+00  0.00E+00  0.00E+00  0.00E+00  0.00E+00  0.00E+00  0.00E+00  0.00E+00  0.00E+00
01/21/2010 01:56:09  0.00E+00  0.00E+00  0.00E+00  0.00E+00  0.00E+00  0.00E+00  0.00E+00  0.00E+00  0.00E+00  0.00E+00  0.00E+00  0.00E+00  0.00E+00  0.00E+00  0.00E+00
01/22/2010 00:00:00  0.00E+00  0.00E+00  0.00E+00  0.00E+00  0.00E+00  0.00E+00  0.00E+00  0.00E+00  0.00E+00  0.00E+00  0.00E+00  0.00E+00  0.00E+00  0.00E+00  0.00E+00
01/22/2010 00:15:42  5.07E-05  5.71E-10  2.38E-10  2.38E-10  3.07E-09  0.00E+00  0.00E+00  0.00E+00  0.00E+00  0.00E+00  0.00E+00  0.00E+00  0.00E+00  0.00E+00  0.00E+00
01/22/2010 00:18:18  5.91E-05  7.05E-10  2.90E-10  2.90E-10  3.70E-09  0.00E+00  0.00E+00  0.00E+00  0.00E+00  0.00E+00  0.00E+00  0.00E+00  0.00E+00  0.00E+00  0.00E+00
01/22/2010 00:31:25  1.01E-04  1.57E-09  6.52E-10  6.52E-10  8.37E-09  0.00E+00  0.00E+00  0.00E+00  0.00E+00  0.00E+00  0.00E+00  0.00E+00  0.00E+00  0.00E+00  0.00E+00
01/22/2010 00:36:37  1.07E-04  1.64E-09  7.02E-10  7.02E-10  9.37E-09  0.00E+00  0.00E+00  0.00E+00  0.00E+00  0.00E+00  0.00E+00  0.00E+00  0.00E+00  0.00E+00  0.00E+00
01/22/2010 00:57:35  6.60E-05  8.05E-10  3.55E-10  3.55E-10  4.89E-09  0.00E+00  0.00E+00  0.00E+00  0.00E+00  0.00E+00  0.00E+00  0.00E+00  0.00E+00  0.00E+00  0.00E+00
01/22/2010 01:07:09  4.75E-05  5.11E-10  2.26E-10  2.26E-10  3.11E-09  0.00E+00  0.00E+00  0.00E+00  0.00E+00  0.00E+00  0.00E+00  0.00E+00  0.00E+00  0.00E+00  0.00E+00
01/22/2010 01:23:46  1.53E-05  1.49E-10  7.52E-11  7.52E-11  1.16E-09  0.00E+00  0.00E+00  0.00E+00  0.00E+00  0.00E+00  0.00E+00  0.00E+00  0.00E+00  0.00E+00  0.00E+00
01/22/2010 01:37:40  0.00E+00  0.00E+00  0.00E+00  0.00E+00  0.00E+00  0.00E+00  0.00E+00  0.00E+00  0.00E+00  0.00E+00  0.00E+00  0.00E+00  0.00E+00  0.00E+00  0.00E+00
01/23/2010 00:00:00  0.00E+00  0.00E+00  0.00E+00  0.00E+00  0.00E+00  0.00E+00  0.00E+00  0.00E+00  0.00E+00  0.00E+00  0.00E+00  0.00E+00  0.00E+00  0.00E+00  0.00E+00
01/23/2010 03:30:16  2.66E-07  1.02E-14  3.95E-15  3.95E-15  9.16E-14  0.00E+00  0.00E+00  0.00E+00  0.00E+00  0.00E+00  0.00E+00  0.00E+00  0.00E+00  0.00E+00  0.00E+00
01/23/2010 03:31:32  2.68E-07  1.03E-14  3.99E-15  3.99E-15  9.25E-14  0.00E+00  0.00E+00  0.00E+00  0.00E+00  0.00E+00  0.00E+00  0.00E+00  0.00E+00  0.00E+00  0.00E+00
01/23/2010 07:00:33  5.34E-07  2.89E-14  1.12E-14  1.12E-14  2.59E-13  0.00E+00  0.00E+00  0.00E+00  0.00E+00  0.00E+00  0.00E+00  0.00E+00  0.00E+00  0.00E+00  0.00E+00
01/23/2010 07:03:04  5.34E-07  2.89E-14  1.12E-14  1.12E-14  2.58E-13  0.00E+00  0.00E+00  0.00E+00  0.00E+00  0.00E+00  0.00E+00  0.00E+00  0.00E+00  0.00E+00  0.00E+00
01/23/2010 12:51:00  2.68E-07  1.03E-14  3.98E-15  3.98E-15  9.22E-14  0.00E+00  0.00E+00  0.00E+00  0.00E+00  0.00E+00  0.00E+00  0.00E+00  0.00E+00  0.00E+00  0.00E+00
01/23/2010 12:55:38  2.65E-07  1.01E-14  3.91E-15  3.91E-15  9.08E-14  0.00E+00  0.00E+00  0.00E+00  0.00E+00  0.00E+00  0.00E+00  0.00E+00  0.00E+00  0.00E+00  0.00E+00
01/23/2010 18:41:28  1.81E-09  4.58E-17  1.76E-17  1.76E-17  4.07E-16  0.00E+00  0.00E+00  0.00E+00  0.00E+00  0.00E+00  0.00E+00  0.00E+00  0.00E+00  0.00E+00  0.00E+00
01/23/2010 18:48:12  0.00E+00  0.00E+00  0.00E+00  0.00E+00  0.00E+00  0.00E+00  0.00E+00  0.00E+00  0.00E+00  0.00E+00  0.00E+00  0.00E+00  0.00E+00  0.00E+00  0.00E+00
02/07/2010 00:00:00  0.00E+00  0.00E+00  0.00E+00  0.00E+00  0.00E+00  0.00E+00  0.00E+00  0.00E+00  0.00E+00  0.00E+00  0.00E+00  0.00E+00  0.00E+00  0.00E+00  0.00E+00
02/07/2010 00:20:14  1.77E-05  6.09E-11  2.28E-11  2.28E-11  3.90E-10  0.00E+00  0.00E+00  0.00E+00  0.00E+00  0.00E+00  0.00E+00  0.00E+00  0.00E+00  0.00E+00  0.00E+00
02/07/2010 00:22:44  1.99E-05  7.02E-11  2.62E-11  2.62E-11  4.50E-10  0.00E+00  0.00E+00  0.00E+00  0.00E+00  0.00E+00  0.00E+00  0.00E+00  0.00E+00  0.00E+00  0.00E+00
02/07/2010 00:40:29  3.54E-05  1.68E-10  6.27E-11  6.27E-11  1.08E-09  0.00E+00  0.00E+00  0.00E+00  0.00E+00  0.00E+00  0.00E+00  0.00E+00  0.00E+00  0.00E+00  0.00E+00
02/07/2010 00:45:28  3.69E-05  1.83E-10  6.83E-11  6.83E-11  1.16E-09  0.00E+00  0.00E+00  0.00E+00  0.00E+00  0.00E+00  0.00E+00  0.00E+00  0.00E+00  0.00E+00  0.00E+00
02/07/2010 01:14:14  2.18E-05  8.79E-11  3.28E-11  3.28E-11  5.56E-10  0.00E+00  0.00E+00  0.00E+00  0.00E+00  0.00E+00  0.00E+00  0.00E+00  0.00E+00  0.00E+00  0.00E+00
02/07/2010 01:23:21  1.70E-05  6.17E-11  2.30E-11  2.30E-11  3.90E-10  0.00E+00  0.00E+00  0.00E+00  0.00E+00  0.00E+00  0.00E+00  0.00E+00  0.00E+00  0.00E+00  0.00E+00
02/07/2010 01:47:59  4.09E-06  1.72E-11  6.40E-12  6.40E-12  1.06E-10  0.00E+00  0.00E+00  0.00E+00  0.00E+00  0.00E+00  0.00E+00  0.00E+00  0.00E+00  0.00E+00  0.00E+00
02/07/2010 02:01:14  0.00E+00  0.00E+00  0.00E+00  0.00E+00  0.00E+00  0.00E+00  0.00E+00  0.00E+00  0.00E+00  0.00E+00  0.00E+00  0.00E+00  0.00E+00  0.00E+00  0.00E+00
02/10/2010 00:00:00  0.00E+00  0.00E+00  0.00E+00  0.00E+00  0.00E+00  0.00E+00  0.00E+00  0.00E+00  0.00E+00  0.00E+00  0.00E+00  0.00E+00  0.00E+00  0.00E+00  0.00E+00
02/10/2010 00:38:13  2.21E-06  1.03E-12  3.87E-13  3.87E-13  6.86E-12  0.00E+00  0.00E+00  0.00E+00  0.00E+00  0.00E+00  0.00E+00  0.00E+00  0.00E+00  0.00E+00  0.00E+00
02/10/2010 01:02:29  3.62E-06  1.98E-12  7.44E-13  7.44E-13  1.33E-11  0.00E+00  0.00E+00  0.00E+00  0.00E+00  0.00E+00  0.00E+00  0.00E+00  0.00E+00  0.00E+00  0.00E+00
02/10/2010 01:16:26  4.44E-06  2.67E-12  1.00E-12  1.00E-12  1.79E-11  0.00E+00  0.00E+00  0.00E+00  0.00E+00  0.00E+00  0.00E+00  0.00E+00  0.00E+00  0.00E+00  0.00E+00
02/10/2010 02:04:59  4.56E-06  2.99E-12  1.11E-12  1.11E-12  1.90E-11  0.00E+00  0.00E+00  0.00E+00  0.00E+00  0.00E+00  0.00E+00  0.00E+00  0.00E+00  0.00E+00  0.00E+00
02/10/2010 02:20:07  4.03E-06  2.54E-12  9.44E-13  9.44E-13  1.60E-11  0.00E+00  0.00E+00  0.00E+00  0.00E+00  0.00E+00  0.00E+00  0.00E+00  0.00E+00  0.00E+00  0.00E+00
02/10/2010 03:23:49  1.82E-06  1.11E-12  4.13E-13  4.13E-13  6.80E-12  0.00E+00  0.00E+00  0.00E+00  0.00E+00  0.00E+00  0.00E+00  0.00E+00  0.00E+00  0.00E+00  0.00E+00
02/10/2010 03:49:09  1.46E-06  7.69E-13  2.86E-13  2.86E-13  4.71E-12  0.00E+00  0.00E+00  0.00E+00  0.00E+00  0.00E+00  0.00E+00  0.00E+00  0.00E+00  0.00E+00  0.00E+00
02/10/2010 05:33:19  0.00E+00  0.00E+00  0.00E+00  0.00E+00  0.00E+00  0.00E+00  0.00E+00  0.00E+00  0.00E+00  0.00E+00  0.00E+00  0.00E+00  0.00E+00  0.00E+00  0.00E+00
03/07/2010 00:00:00  0.00E+00  0.00E+00  0.00E+00  0.00E+00  0.00E+00  0.00E+00  0.00E+00  0.00E+00  0.00E+00  0.00E+00  0.00E+00  0.00E+00  0.00E+00  0.00E+00  0.00E+00
03/07/2010 00:19:31  1.31E-05  3.43E-11  1.28E-11  1.28E-11  2.17E-10  0.00E+00  0.00E+00  0.00E+00  0.00E+00  0.00E+00  0.00E+00  0.00E+00  0.00E+00  0.00E+00  0.00E+00
03/07/2010 00:23:38  1.59E-05  4.35E-11  1.63E-11  1.63E-11  2.76E-10  0.00E+00  0.00E+00  0.00E+00  0.00E+00  0.00E+00  0.00E+00  0.00E+00  0.00E+00  0.00E+00  0.00E+00
03/07/2010 00:39:03  2.62E-05  9.31E-11  3.48E-11  3.48E-11  5.89E-10  0.00E+00  0.00E+00  0.00E+00  0.00E+00  0.00E+00  0.00E+00  0.00E+00  0.00E+00  0.00E+00  0.00E+00
03/07/2010 00:47:17  2.77E-05  1.06E-10  3.96E-11  3.96E-11  6.60E-10  0.00E+00  0.00E+00  0.00E+00  0.00E+00  0.00E+00  0.00E+00  0.00E+00  0.00E+00  0.00E+00  0.00E+00
03/07/2010 01:11:36  1.80E-05  5.90E-11  2.20E-11  2.20E-11  3.64E-10  0.00E+00  0.00E+00  0.00E+00  0.00E+00  0.00E+00  0.00E+00  0.00E+00  0.00E+00  0.00E+00  0.00E+00
03/07/2010 01:26:42  1.19E-05  3.41E-11  1.27E-11  1.27E-11  2.11E-10  0.00E+00  0.00E+00  0.00E+00  0.00E+00  0.00E+00  0.00E+00  0.00E+00  0.00E+00  0.00E+00  0.00E+00
03/07/2010 01:44:09  4.89E-06  1.57E-11  5.85E-12  5.85E-12  9.42E-11  0.00E+00  0.00E+00  0.00E+00  0.00E+00  0.00E+00  0.00E+00  0.00E+00  0.00E+00  0.00E+00  0.00E+00
03/07/2010 02:06:06  0.00E+00  0.00E+00  0.00E+00  0.00E+00  0.00E+00  0.00E+00  0.00E+00  0.00E+00  0.00E+00  0.00E+00  0.00E+00  0.00E+00  0.00E+00  0.00E+00  0.00E+00
03/08/2010 00:00:00  0.00E+00  0.00E+00  0.00E+00  0.00E+00  0.00E+00  0.00E+00  0.00E+00  0.00E+00  0.00E+00  0.00E+00  0.00E+00  0.00E+00  0.00E+00  0.00E+00  0.00E+00
03/08/2010 01:11:09  1.08E-08  1.95E-17  7.40E-18  7.40E-18  1.72E-16  0.00E+00  0.00E+00  0.00E+00  0.00E+00  0.00E+00  0.00E+00  0.00E+00  0.00E+00  0.00E+00  0.00E+00
03/08/2010 01:21:41  1.23E-08  2.45E-17  9.30E-18  9.30E-18  2.17E-16  0.00E+00  0.00E+00  0.00E+00  0.00E+00  0.00E+00  0.00E+00  0.00E+00  0.00E+00  0.00E+00  0.00E+00
03/08/2010 02:22:18  2.15E-08  5.50E-17  2.08E-17  2.08E-17  4.85E-16  0.00E+00  0.00E+00  0.00E+00  0.00E+00  0.00E+00  0.00E+00  0.00E+00  0.00E+00  0.00E+00  0.00E+00
03/08/2010 02:43:22  2.09E-08  5.06E-17  1.91E-17  1.91E-17  4.47E-16  0.00E+00  0.00E+00  0.00E+00  0.00E+00  0.00E+00  0.00E+00  0.00E+00  0.00E+00  0.00E+00  0.00E+00
03/08/2010 04:20:53  1.21E-08  2.12E-17  8.03E-18  8.03E-18  1.88E-16  0.00E+00  0.00E+00  0.00E+00  0.00E+00  0.00E+00  0.00E+00  0.00E+00  0.00E+00  0.00E+00  0.00E+00
03/08/2010 04:59:30  8.55E-09  1.42E-17  5.39E-18  5.39E-18  1.26E-16  0.00E+00  0.00E+00  0.00E+00  0.00E+00  0.00E+00  0.00E+00  0.00E+00  0.00E+00  0.00E+00  0.00E+00
03/08/2010 06:19:28  1.30E-09  1.05E-18  4.03E-19  4.03E-19  9.70E-18  0.00E+00  0.00E+00  0.00E+00  0.00E+00  0.00E+00  0.00E+00  0.00E+00  0.00E+00  0.00E+00  0.00E+00
03/08/2010 07:15:39  0.00E+00  0.00E+00  0.00E+00  0.00E+00  0.00E+00  0.00E+00  0.00E+00  0.00E+00  0.00E+00  0.00E+00  0.00E+00  0.00E+00  0.00E+00  0.00E+00  0.00E+00
04/12/2010 00:00:00  0.00E+00  0.00E+00  0.00E+00  0.00E+00  0.00E+00  0.00E+00  0.00E+00  0.00E+00  0.00E+00  0.00E+00  0.00E+00  0.00E+00  0.00E+00  0.00E+00  0.00E+00
04/12/2010 03:23:50  1.36E-07  2.68E-15  1.03E-15  1.03E-15  2.39E-14  0.00E+00  0.00E+00  0.00E+00  0.00E+00  0.00E+00  0.00E+00  0.00E+00  0.00E+00  0.00E+00  0.00E+00
04/12/2010 03:25:56  1.37E-07  2.71E-15  1.05E-15  1.05E-15  2.42E-14  0.00E+00  0.00E+00  0.00E+00  0.00E+00  0.00E+00  0.00E+00  0.00E+00  0.00E+00  0.00E+00  0.00E+00
04/12/2010 06:47:41  2.71E-07  7.56E-15  2.91E-15  2.91E-15  6.76E-14  0.00E+00  0.00E+00  0.00E+00  0.00E+00  0.00E+00  0.00E+00  0.00E+00  0.00E+00  0.00E+00  0.00E+00
04/12/2010 06:51:53  2.72E-07  7.63E-15  2.94E-15  2.94E-15  6.82E-14  0.00E+00  0.00E+00  0.00E+00  0.00E+00  0.00E+00  0.00E+00  0.00E+00  0.00E+00  0.00E+00  0.00E+00
04/12/2010 12:27:26  1.39E-07  2.78E-15  1.08E-15  1.08E-15  2.49E-14  0.00E+00  0.00E+00  0.00E+00  0.00E+00  0.00E+00  0.00E+00  0.00E+00  0.00E+00  0.00E+00  0.00E+00
04/12/2010 12:35:07  1.36E-07  2.68E-15  1.04E-15  1.04E-15  2.40E-14  0.00E+00  0.00E+00  0.00E+00  0.00E+00  0.00E+00  0.00E+00  0.00E+00  0.00E+00  0.00E+00  0.00E+00
04/12/2010 18:07:10  2.90E-09  6.84E-17  2.64E-17  2.64E-17  6.13E-16  0.00E+00  0.00E+00  0.00E+00  0.00E+00  0.00E+00  0.00E+00  0.00E+00  0.00E+00  0.00E+00  0.00E+00
04/12/2010 18:18:21  0.00E+00  0.00E+00  0.00E+00  0.00E+00  0.00E+00  0.00E+00  0.00E+00  0.00E+00  0.00E+00  0.00E+00  0.00E+00  0.00E+00  0.00E+00  0.00E+00  0.00E+00
10/19/2010 00:00:00  0.00E+00  0.00E+00  0.00E+00  0.00E+00  0.00E+00  0.00E+00  0.00E+00  0.00E+00  0.00E+00  0.00E+00  0.00E+00  0.00E+00  0.00E+00  0.00E+00  0.00E+00
10/19/2010 00:31:27  8.74E-06  2.42E-11  8.04E-12  8.04E-12  8.64E-11  0.00E+00  0.00E+00  0.00E+00  0.00E+00  0.00E+00  0.00E+00  0.00E+00  0.00E+00  0.00E+00  0.00E+00
10/19/2010 00:42:11  1.17E-05  3.56E-11  1.17E-11  1.17E-11  1.26E-10  0.00E+00  0.00E+00  0.00E+00  0.00E+00  0.00E+00  0.00E+00  0.00E+00  0.00E+00  0.00E+00  0.00E+00
10/19/2010 01:02:55  1.75E-05  6.47E-11  2.13E-11  2.13E-11  2.31E-10  0.00E+00  0.00E+00  0.00E+00  0.00E+00  0.00E+00  0.00E+00  0.00E+00  0.00E+00  0.00E+00  0.00E+00
10/19/2010 01:24:22  1.87E-05  7.32E-11  2.52E-11  2.52E-11  2.64E-10  0.00E+00  0.00E+00  0.00E+00  0.00E+00  0.00E+00  0.00E+00  0.00E+00  0.00E+00  0.00E+00  0.00E+00
10/19/2010 01:55:20  1.35E-05  4.71E-11  1.65E-11  1.65E-11  1.70E-10  0.00E+00  0.00E+00  0.00E+00  0.00E+00  0.00E+00  0.00E+00  0.00E+00  0.00E+00  0.00E+00  0.00E+00
10/19/2010 02:34:41  6.94E-06  2.06E-11  7.42E-12  7.42E-12  7.50E-11  0.00E+00  0.00E+00  0.00E+00  0.00E+00  0.00E+00  0.00E+00  0.00E+00  0.00E+00  0.00E+00  0.00E+00
10/19/2010 02:47:46  4.76E-06  1.46E-11  5.41E-12  5.41E-12  5.35E-11  0.00E+00  0.00E+00  0.00E+00  0.00E+00  0.00E+00  0.00E+00  0.00E+00  0.00E+00  0.00E+00  0.00E+00
10/19/2010 03:44:59  0.00E+00  0.00E+00  0.00E+00  0.00E+00  0.00E+00  0.00E+00  0.00E+00  0.00E+00  0.00E+00  0.00E+00  0.00E+00  0.00E+00  0.00E+00  0.00E+00  0.00E+00
12/01/2010 00:00:00  0.00E+00  0.00E+00  0.00E+00  0.00E+00  0.00E+00  0.00E+00  0.00E+00  0.00E+00  0.00E+00  0.00E+00  0.00E+00  0.00E+00  0.00E+00  0.00E+00  0.00E+00
12/01/2010 00:28:07  1.59E-05  5.52E-11  2.68E-11  2.68E-11  2.80E-10  0.00E+00  0.00E+00  0.00E+00  0.00E+00  0.00E+00  0.00E+00  0.00E+00  0.00E+00  0.00E+00  0.00E+00
12/01/2010 00:28:39  1.62E-05  5.65E-11  2.74E-11  2.74E-11  2.86E-10  0.00E+00  0.00E+00  0.00E+00  0.00E+00  0.00E+00  0.00E+00  0.00E+00  0.00E+00  0.00E+00  0.00E+00
12/01/2010 00:56:14  3.18E-05  1.55E-10  7.52E-11  7.52E-11  7.86E-10  0.00E+00  0.00E+00  0.00E+00  0.00E+00  0.00E+00  0.00E+00  0.00E+00  0.00E+00  0.00E+00  0.00E+00
12/01/2010 00:57:19  3.21E-05  1.58E-10  7.65E-11  7.65E-11  7.98E-10  0.00E+00  0.00E+00  0.00E+00  0.00E+00  0.00E+00  0.00E+00  0.00E+00  0.00E+00  0.00E+00  0.00E+00
12/01/2010 01:43:07  1.65E-05  5.91E-11  2.88E-11  2.88E-11  3.00E-10  0.00E+00  0.00E+00  0.00E+00  0.00E+00  0.00E+00  0.00E+00  0.00E+00  0.00E+00  0.00E+00  0.00E+00
12/01/2010 01:45:05  1.58E-05  5.54E-11  2.69E-11  2.69E-11  2.81E-10  0.00E+00  0.00E+00  0.00E+00  0.00E+00  0.00E+00  0.00E+00  0.00E+00  0.00E+00  0.00E+00  0.00E+00
12/01/2010 02:30:00  6.09E-07  2.47E-12  1.28E-12  1.28E-12  1.27E-11  0.00E+00  0.00E+00  0.00E+00  0.00E+00  0.00E+00  0.00E+00  0.00E+00  0.00E+00  0.00E+00  0.00E+00
12/01/2010 02:32:51  0.00E+00  0.00E+00  0.00E+00  0.00E+00  0.00E+00  0.00E+00  0.00E+00  0.00E+00  0.00E+00  0.00E+00  0.00E+00  0.00E+00  0.00E+00  0.00E+00  0.00E+00
12/02/2010 00:00:00  0.00E+00  0.00E+00  0.00E+00  0.00E+00  0.00E+00  0.00E+00  0.00E+00  0.00E+00  0.00E+00  0.00E+00  0.00E+00  0.00E+00  0.00E+00  0.00E+00  0.00E+00
12/02/2010 00:16:52  3.75E-05  2.22E-10  1.02E-10  1.02E-10  1.82E-09  0.00E+00  0.00E+00  0.00E+00  0.00E+00  0.00E+00  0.00E+00  0.00E+00  0.00E+00  0.00E+00  0.00E+00
12/02/2010 00:19:31  4.34E-05  2.67E-10  1.23E-10  1.23E-10  2.18E-09  0.00E+00  0.00E+00  0.00E+00  0.00E+00  0.00E+00  0.00E+00  0.00E+00  0.00E+00  0.00E+00  0.00E+00
12/02/2010 00:33:44  7.50E-05  6.08E-10  2.81E-10  2.81E-10  4.98E-09  0.00E+00  0.00E+00  0.00E+00  0.00E+00  0.00E+00  0.00E+00  0.00E+00  0.00E+00  0.00E+00  0.00E+00
12/02/2010 00:39:02  7.88E-05  6.66E-10  3.09E-10  3.09E-10  5.49E-09  0.00E+00  0.00E+00  0.00E+00  0.00E+00  0.00E+00  0.00E+00  0.00E+00  0.00E+00  0.00E+00  0.00E+00
12/02/2010 01:01:52  4.83E-05  3.37E-10  1.57E-10  1.57E-10  2.79E-09  0.00E+00  0.00E+00  0.00E+00  0.00E+00  0.00E+00  0.00E+00  0.00E+00  0.00E+00  0.00E+00  0.00E+00
12/02/2010 01:11:34  3.53E-05  2.19E-10  1.02E-10  1.02E-10  1.81E-09  0.00E+00  0.00E+00  0.00E+00  0.00E+00  0.00E+00  0.00E+00  0.00E+00  0.00E+00  0.00E+00  0.00E+00
12/02/2010 01:30:00  1.08E-05  7.33E-11  3.46E-11  3.46E-11  6.16E-10  0.00E+00  0.00E+00  0.00E+00  0.00E+00  0.00E+00  0.00E+00  0.00E+00  0.00E+00  0.00E+00  0.00E+00
12/02/2010 01:44:07  0.00E+00  0.00E+00  0.00E+00  0.00E+00  0.00E+00  0.00E+00  0.00E+00  0.00E+00  0.00E+00  0.00E+00  0.00E+00  0.00E+00  0.00E+00  0.00E+00  0.00E+00
12/03/2010 00:00:00  0.00E+00  0.00E+00  0.00E+00  0.00E+00  0.00E+00  0.00E+00  0.00E+00  0.00E+00  0.00E+00  0.00E+00  0.00E+00  0.00E+00  0.00E+00  0.00E+00  0.00E+00
12/03/2010 03:34:05  1.06E-07  1.61E-15  6.22E-16  6.22E-16  1.45E-14  0.00E+00  0.00E+00  0.00E+00  0.00E+00  0.00E+00  0.00E+00  0.00E+00  0.00E+00  0.00E+00  0.00E+00
12/03/2010 03:35:36  1.07E-07  1.63E-15  6.29E-16  6.29E-16  1.47E-14  0.00E+00  0.00E+00  0.00E+00  0.00E+00  0.00E+00  0.00E+00  0.00E+00  0.00E+00  0.00E+00  0.00E+00
12/03/2010 07:08:11  2.12E-07  4.56E-15  1.76E-15  1.76E-15  4.10E-14  0.00E+00  0.00E+00  0.00E+00  0.00E+00  0.00E+00  0.00E+00  0.00E+00  0.00E+00  0.00E+00  0.00E+00
12/03/2010 07:11:12  2.12E-07  4.55E-15  1.75E-15  1.75E-15  4.09E-14  0.00E+00  0.00E+00  0.00E+00  0.00E+00  0.00E+00  0.00E+00  0.00E+00  0.00E+00  0.00E+00  0.00E+00
12/03/2010 13:05:01  1.07E-07  1.63E-15  6.27E-16  6.27E-16  1.47E-14  0.00E+00  0.00E+00  0.00E+00  0.00E+00  0.00E+00  0.00E+00  0.00E+00  0.00E+00  0.00E+00  0.00E+00
12/03/2010 13:10:32  1.05E-07  1.60E-15  6.16E-16  6.16E-16  1.44E-14  0.00E+00  0.00E+00  0.00E+00  0.00E+00  0.00E+00  0.00E+00  0.00E+00  0.00E+00  0.00E+00  0.00E+00
12/03/2010 19:01:50  8.43E-10  8.43E-18  3.24E-18  3.24E-18  7.51E-17  0.00E+00  0.00E+00  0.00E+00  0.00E+00  0.00E+00  0.00E+00  0.00E+00  0.00E+00  0.00E+00  0.00E+00
12/03/2010 19:09:52  0.00E+00  0.00E+00  0.00E+00  0.00E+00  0.00E+00  0.00E+00  0.00E+00  0.00E+00  0.00E+00  0.00E+00  0.00E+00  0.00E+00  0.00E+00  0.00E+00  0.00E+00
12/21/2010 00:00:00  0.00E+00  0.00E+00  0.00E+00  0.00E+00  0.00E+00  0.00E+00  0.00E+00  0.00E+00  0.00E+00  0.00E+00  0.00E+00  0.00E+00  0.00E+00  0.00E+00  0.00E+00
12/21/2010 00:13:35  2.67E-04  9.61E-09  3.90E-09  3.90E-09  9.50E-08  0.00E+00  0.00E+00  0.00E+00  0.00E+00  0.00E+00  0.00E+00  0.00E+00  0.00E+00  0.00E+00  0.00E+00
12/21/2010 00:14:56  2.94E-04  1.08E-08  4.37E-09  4.37E-09  1.07E-07  0.00E+00  0.00E+00  0.00E+00  0.00E+00  0.00E+00  0.00E+00  0.00E+00  0.00E+00  0.00E+00  0.00E+00
12/21/2010 00:27:11  5.35E-04  2.66E-08  1.08E-08  1.08E-08  2.64E-07  0.00E+00  0.00E+00  0.00E+00  0.00E+00  0.00E+00  0.00E+00  0.00E+00  0.00E+00  0.00E+00  0.00E+00
12/21/2010 00:29:53  5.54E-04  2.86E-08  1.16E-08  1.16E-08  2.82E-07  0.00E+00  0.00E+00  0.00E+00  0.00E+00  0.00E+00  0.00E+00  0.00E+00  0.00E+00  0.00E+00  0.00E+00
12/21/2010 00:49:51  3.18E-04  1.31E-08  5.34E-09  5.34E-09  1.28E-07  0.00E+00  0.00E+00  0.00E+00  0.00E+00  0.00E+00  0.00E+00  0.00E+00  0.00E+00  0.00E+00  0.00E+00
12/21/2010 00:54:48  2.59E-04  9.76E-09  3.97E-09  3.97E-09  9.54E-08  0.00E+00  0.00E+00  0.00E+00  0.00E+00  0.00E+00  0.00E+00  0.00E+00  0.00E+00  0.00E+00  0.00E+00
12/21/2010 01:12:31  5.06E-05  2.25E-09  9.16E-10  9.16E-10  2.11E-08  0.00E+00  0.00E+00  0.00E+00  0.00E+00  0.00E+00  0.00E+00  0.00E+00  0.00E+00  0.00E+00  0.00E+00
12/21/2010 01:19:43  0.00E+00  0.00E+00  0.00E+00  0.00E+00  0.00E+00  0.00E+00  0.00E+00  0.00E+00  0.00E+00  0.00E+00  0.00E+00  0.00E+00  0.00E+00  0.00E+00  0.00E+00
12/22/2010 00:00:00  0.00E+00  0.00E+00  0.00E+00  0.00E+00  0.00E+00  0.00E+00  0.00E+00  0.00E+00  0.00E+00  0.00E+00  0.00E+00  0.00E+00  0.00E+00  0.00E+00  0.00E+00
12/22/2010 00:13:33  2.79E-04  1.31E-08  4.98E-09  4.98E-09  9.88E-08  0.00E+00  0.00E+00  0.00E+00  0.00E+00  0.00E+00  0.00E+00  0.00E+00  0.00E+00  0.00E+00  0.00E+00
12/22/2010 00:14:54  3.07E-04  1.47E-08  5.59E-09  5.59E-09  1.11E-07  0.00E+00  0.00E+00  0.00E+00  0.00E+00  0.00E+00  0.00E+00  0.00E+00  0.00E+00  0.00E+00  0.00E+00
12/22/2010 00:27:06  5.57E-04  3.62E-08  1.38E-08  1.38E-08  2.74E-07  0.00E+00  0.00E+00  0.00E+00  0.00E+00  0.00E+00  0.00E+00  0.00E+00  0.00E+00  0.00E+00  0.00E+00
12/22/2010 00:29:48  5.77E-04  3.89E-08  1.49E-08  1.49E-08  2.92E-07  0.00E+00  0.00E+00  0.00E+00  0.00E+00  0.00E+00  0.00E+00  0.00E+00  0.00E+00  0.00E+00  0.00E+00
12/22/2010 00:49:42  3.32E-04  1.79E-08  6.79E-09  6.79E-09  1.33E-07  0.00E+00  0.00E+00  0.00E+00  0.00E+00  0.00E+00  0.00E+00  0.00E+00  0.00E+00  0.00E+00  0.00E+00
12/22/2010 00:54:38  2.71E-04  1.33E-08  5.04E-09  5.04E-09  9.92E-08  0.00E+00  0.00E+00  0.00E+00  0.00E+00  0.00E+00  0.00E+00  0.00E+00  0.00E+00  0.00E+00  0.00E+00
12/22/2010 01:12:17  5.28E-05  3.03E-09  1.15E-09  1.15E-09  2.20E-08  0.00E+00  0.00E+00  0.00E+00  0.00E+00  0.00E+00  0.00E+00  0.00E+00  0.00E+00  0.00E+00  0.00E+00
12/22/2010 01:19:27  0.00E+00  0.00E+00  0.00E+00  0.00E+00  0.00E+00  0.00E+00  0.00E+00  0.00E+00  0.00E+00  0.00E+00  0.00E+00  0.00E+00  0.00E+00  0.00E+00  0.00E+00
12/29/2010 00:00:00  0.00E+00  0.00E+00  0.00E+00  0.00E+00  0.00E+00  0.00E+00  0.00E+00  0.00E+00  0.00E+00  0.00E+00  0.00E+00  0.00E+00  0.00E+00  0.00E+00  0.00E+00
12/29/2010 00:14:31  4.67E-05  3.88E-10  1.46E-10  1.46E-10  2.75E-09  0.00E+00  0.00E+00  0.00E+00  0.00E+00  0.00E+00  0.00E+00  0.00E+00  0.00E+00  0.00E+00  0.00E+00
12/29/2010 00:16:06  5.18E-05  4.41E-10  1.65E-10  1.65E-10  3.13E-09  0.00E+00  0.00E+00  0.00E+00  0.00E+00  0.00E+00  0.00E+00  0.00E+00  0.00E+00  0.00E+00  0.00E+00
12/29/2010 00:29:02  9.34E-05  1.07E-09  4.03E-10  4.03E-10  7.60E-09  0.00E+00  0.00E+00  0.00E+00  0.00E+00  0.00E+00  0.00E+00  0.00E+00  0.00E+00  0.00E+00  0.00E+00
12/29/2010 00:32:12  9.69E-05  1.16E-09  4.35E-10  4.35E-10  8.16E-09  0.00E+00  0.00E+00  0.00E+00  0.00E+00  0.00E+00  0.00E+00  0.00E+00  0.00E+00  0.00E+00  0.00E+00
12/29/2010 00:53:14  5.63E-05  5.42E-10  2.03E-10  2.03E-10  3.80E-09  0.00E+00  0.00E+00  0.00E+00  0.00E+00  0.00E+00  0.00E+00  0.00E+00  0.00E+00  0.00E+00  0.00E+00
12/29/2010 00:59:02  4.51E-05  3.93E-10  1.47E-10  1.47E-10  2.76E-09  0.00E+00  0.00E+00  0.00E+00  0.00E+00  0.00E+00  0.00E+00  0.00E+00  0.00E+00  0.00E+00  0.00E+00
12/29/2010 01:17:26  9.65E-06  9.77E-11  3.65E-11  3.65E-11  6.69E-10  0.00E+00  0.00E+00  0.00E+00  0.00E+00  0.00E+00  0.00E+00  0.00E+00  0.00E+00  0.00E+00  0.00E+00
12/29/2010 01:25:52  0.00E+00  0.00E+00  0.00E+00  0.00E+00  0.00E+00  0.00E+00  0.00E+00  0.00E+00  0.00E+00  0.00E+00  0.00E+00  0.00E+00  0.00E+00  0.00E+00  0.00E+00
01/03/2011 00:00:00  0.00E+00  0.00E+00  0.00E+00  0.00E+00  0.00E+00  0.00E+00  0.00E+00  0.00E+00  0.00E+00  0.00E+00  0.00E+00  0.00E+00  0.00E+00  0.00E+00  0.00E+00
01/03/2011 01:39:06  5.60E-07  4.98E-14  1.87E-14  1.87E-14  3.96E-13  0.00E+00  0.00E+00  0.00E+00  0.00E+00  0.00E+00  0.00E+00  0.00E+00  0.00E+00  0.00E+00  0.00E+00
01/03/2011 01:41:03  5.71E-07  5.10E-14  1.92E-14  1.92E-14  4.06E-13  0.00E+00  0.00E+00  0.00E+00  0.00E+00  0.00E+00  0.00E+00  0.00E+00  0.00E+00  0.00E+00  0.00E+00
01/03/2011 03:18:12  1.12E-06  1.40E-13  5.29E-14  5.29E-14  1.12E-12  0.00E+00  0.00E+00  0.00E+00  0.00E+00  0.00E+00  0.00E+00  0.00E+00  0.00E+00  0.00E+00  0.00E+00
01/03/2011 03:22:07  1.13E-06  1.43E-13  5.37E-14  5.37E-14  1.13E-12  0.00E+00  0.00E+00  0.00E+00  0.00E+00  0.00E+00  0.00E+00  0.00E+00  0.00E+00  0.00E+00  0.00E+00
01/03/2011 06:03:23  5.82E-07  5.36E-14  2.02E-14  2.02E-14  4.26E-13  0.00E+00  0.00E+00  0.00E+00  0.00E+00  0.00E+00  0.00E+00  0.00E+00  0.00E+00  0.00E+00  0.00E+00
01/03/2011 06:10:32  5.58E-07  5.01E-14  1.88E-14  1.88E-14  3.98E-13  0.00E+00  0.00E+00  0.00E+00  0.00E+00  0.00E+00  0.00E+00  0.00E+00  0.00E+00  0.00E+00  0.00E+00
01/03/2011 08:48:34  2.24E-08  2.40E-15  9.01E-16  9.01E-16  1.88E-14  0.00E+00  0.00E+00  0.00E+00  0.00E+00  0.00E+00  0.00E+00  0.00E+00  0.00E+00  0.00E+00  0.00E+00
01/03/2011 08:58:58  0.00E+00  0.00E+00  0.00E+00  0.00E+00  0.00E+00  0.00E+00  0.00E+00  0.00E+00  0.00E+00  0.00E+00  0.00E+00  0.00E+00  0.00E+00  0.00E+00  0.00E+00
02/19/2011 00:00:00  0.00E+00  0.00E+00  0.00E+00  0.00E+00  0.00E+00  0.00E+00  0.00E+00  0.00E+00  0.00E+00  0.00E+00  0.00E+00  0.00E+00  0.00E+00  0.00E+00  0.00E+00
02/19/2011 00:15:41  3.54E-05  2.30E-10  8.68E-11  8.68E-11  1.59E-09  0.00E+00  0.00E+00  0.00E+00  0.00E+00  0.00E+00  0.00E+00  0.00E+00  0.00E+00  0.00E+00  0.00E+00
02/19/2011 00:17:37  3.98E-05  2.65E-10  1.00E-10  1.00E-10  1.83E-09  0.00E+00  0.00E+00  0.00E+00  0.00E+00  0.00E+00  0.00E+00  0.00E+00  0.00E+00  0.00E+00  0.00E+00
02/19/2011 00:31:22  7.09E-05  6.35E-10  2.39E-10  2.39E-10  4.37E-09  0.00E+00  0.00E+00  0.00E+00  0.00E+00  0.00E+00  0.00E+00  0.00E+00  0.00E+00  0.00E+00  0.00E+00
02/19/2011 00:35:14  7.38E-05  6.92E-10  2.60E-10  2.60E-10  4.73E-09  0.00E+00  0.00E+00  0.00E+00  0.00E+00  0.00E+00  0.00E+00  0.00E+00  0.00E+00  0.00E+00  0.00E+00
02/19/2011 00:57:31  4.36E-05  3.32E-10  1.25E-10  1.25E-10  2.26E-09  0.00E+00  0.00E+00  0.00E+00  0.00E+00  0.00E+00  0.00E+00  0.00E+00  0.00E+00  0.00E+00  0.00E+00
02/19/2011 01:04:35  3.41E-05  2.33E-10  8.76E-11  8.76E-11  1.59E-09  0.00E+00  0.00E+00  0.00E+00  0.00E+00  0.00E+00  0.00E+00  0.00E+00  0.00E+00  0.00E+00  0.00E+00
02/19/2011 01:23:40  8.19E-06  6.48E-11  2.43E-11  2.43E-11  4.31E-10  0.00E+00  0.00E+00  0.00E+00  0.00E+00  0.00E+00  0.00E+00  0.00E+00  0.00E+00  0.00E+00  0.00E+00
02/19/2011 01:33:57  0.00E+00  0.00E+00  0.00E+00  0.00E+00  0.00E+00  0.00E+00  0.00E+00  0.00E+00  0.00E+00  0.00E+00  0.00E+00  0.00E+00  0.00E+00  0.00E+00  0.00E+00
02/26/2011 00:00:00  0.00E+00  0.00E+00  0.00E+00  0.00E+00  0.00E+00  0.00E+00  0.00E+00  0.00E+00  0.00E+00  0.00E+00  0.00E+00  0.00E+00  0.00E+00  0.00E+00  0.00E+00
02/26/2011 00:20:18  1.58E-05  4.76E-11  1.78E-11  1.78E-11  3.02E-10  0.00E+00  0.00E+00  0.00E+00  0.00E+00  0.00E+00  0.00E+00  0.00E+00  0.00E+00  0.00E+00  0.00E+00
02/26/2011 00:20:53  1.62E-05  4.93E-11  1.85E-11  1.85E-11  3.13E-10  0.00E+00  0.00E+00  0.00E+00  0.00E+00  0.00E+00  0.00E+00  0.00E+00  0.00E+00  0.00E+00  0.00E+00
02/26/2011 00:40:37  3.16E-05  1.34E-10  5.03E-11  5.03E-11  8.48E-10  0.00E+00  0.00E+00  0.00E+00  0.00E+00  0.00E+00  0.00E+00  0.00E+00  0.00E+00  0.00E+00  0.00E+00
02/26/2011 00:41:47  3.20E-05  1.37E-10  5.14E-11  5.14E-11  8.67E-10  0.00E+00  0.00E+00  0.00E+00  0.00E+00  0.00E+00  0.00E+00  0.00E+00  0.00E+00  0.00E+00  0.00E+00
02/26/2011 01:14:28  1.67E-05  5.29E-11  1.98E-11  1.98E-11  3.34E-10  0.00E+00  0.00E+00  0.00E+00  0.00E+00  0.00E+00  0.00E+00  0.00E+00  0.00E+00  0.00E+00  0.00E+00
02/26/2011 01:16:36  1.57E-05  4.80E-11  1.80E-11  1.80E-11  3.04E-10  0.00E+00  0.00E+00  0.00E+00  0.00E+00  0.00E+00  0.00E+00  0.00E+00  0.00E+00  0.00E+00  0.00E+00
02/26/2011 01:48:19  9.08E-07  3.37E-12  1.26E-12  1.26E-12  2.06E-11  0.00E+00  0.00E+00  0.00E+00  0.00E+00  0.00E+00  0.00E+00  0.00E+00  0.00E+00  0.00E+00  0.00E+00
02/26/2011 01:51:25  0.00E+00  0.00E+00  0.00E+00  0.00E+00  0.00E+00  0.00E+00  0.00E+00  0.00E+00  0.00E+00  0.00E+00  0.00E+00  0.00E+00  0.00E+00  0.00E+00  0.00E+00
02/27/2011 00:00:00  0.00E+00  0.00E+00  0.00E+00  0.00E+00  0.00E+00  0.00E+00  0.00E+00  0.00E+00  0.00E+00  0.00E+00  0.00E+00  0.00E+00  0.00E+00  0.00E+00  0.00E+00
02/27/2011 02:44:48  3.28E-07  1.58E-14  6.06E-15  6.06E-15  1.38E-13  0.00E+00  0.00E+00  0.00E+00  0.00E+00  0.00E+00  0.00E+00  0.00E+00  0.00E+00  0.00E+00  0.00E+00
02/27/2011 02:46:30  3.31E-07  1.60E-14  6.16E-15  6.16E-15  1.41E-13  0.00E+00  0.00E+00  0.00E+00  0.00E+00  0.00E+00  0.00E+00  0.00E+00  0.00E+00  0.00E+00  0.00E+00
02/27/2011 05:29:37  6.56E-07  4.47E-14  1.71E-14  1.71E-14  3.92E-13  0.00E+00  0.00E+00  0.00E+00  0.00E+00  0.00E+00  0.00E+00  0.00E+00  0.00E+00  0.00E+00  0.00E+00
02/27/2011 05:33:01  6.55E-07  4.45E-14  1.70E-14  1.70E-14  3.91E-13  0.00E+00  0.00E+00  0.00E+00  0.00E+00  0.00E+00  0.00E+00  0.00E+00  0.00E+00  0.00E+00  0.00E+00
02/27/2011 10:04:18  3.32E-07  1.60E-14  6.13E-15  6.13E-15  1.40E-13  0.00E+00  0.00E+00  0.00E+00  0.00E+00  0.00E+00  0.00E+00  0.00E+00  0.00E+00  0.00E+00  0.00E+00
02/27/2011 10:10:31  3.24E-07  1.55E-14  5.96E-15  5.96E-15  1.36E-13  0.00E+00  0.00E+00  0.00E+00  0.00E+00  0.00E+00  0.00E+00  0.00E+00  0.00E+00  0.00E+00  0.00E+00
02/27/2011 14:38:59  3.78E-09  1.18E-16  4.40E-17  4.40E-17  1.03E-15  0.00E+00  0.00E+00  0.00E+00  0.00E+00  0.00E+00  0.00E+00  0.00E+00  0.00E+00  0.00E+00  0.00E+00
02/27/2011 14:48:02  0.00E+00  0.00E+00  0.00E+00  0.00E+00  0.00E+00  0.00E+00  0.00E+00  0.00E+00  0.00E+00  0.00E+00  0.00E+00  0.00E+00  0.00E+00  0.00E+00  0.00E+00
03/21/2011 00:00:00  0.00E+00  0.00E+00  0.00E+00  0.00E+00  0.00E+00  0.00E+00  0.00E+00  0.00E+00  0.00E+00  0.00E+00  0.00E+00  0.00E+00  0.00E+00  0.00E+00  0.00E+00
03/21/2011 00:15:12  5.30E-05  5.11E-10  1.92E-10  1.92E-10  3.56E-09  0.00E+00  0.00E+00  0.00E+00  0.00E+00  0.00E+00  0.00E+00  0.00E+00  0.00E+00  0.00E+00  0.00E+00
03/21/2011 00:17:08  5.98E-05  5.91E-10  2.22E-10  2.22E-10  4.13E-09  0.00E+00  0.00E+00  0.00E+00  0.00E+00  0.00E+00  0.00E+00  0.00E+00  0.00E+00  0.00E+00  0.00E+00
03/21/2011 00:30:25  1.06E-04  1.40E-09  5.29E-10  5.29E-10  9.82E-09  0.00E+00  0.00E+00  0.00E+00  0.00E+00  0.00E+00  0.00E+00  0.00E+00  0.00E+00  0.00E+00  0.00E+00
03/21/2011 00:34:16  1.11E-04  1.53E-09  5.77E-10  5.77E-10  1.07E-08  0.00E+00  0.00E+00  0.00E+00  0.00E+00  0.00E+00  0.00E+00  0.00E+00  0.00E+00  0.00E+00  0.00E+00
03/21/2011 00:55:45  6.57E-05  7.42E-10  2.79E-10  2.79E-10  5.12E-09  0.00E+00  0.00E+00  0.00E+00  0.00E+00  0.00E+00  0.00E+00  0.00E+00  0.00E+00  0.00E+00  0.00E+00
03/21/2011 01:02:49  5.09E-05  5.16E-10  1.94E-10  1.94E-10  3.56E-09  0.00E+00  0.00E+00  0.00E+00  0.00E+00  0.00E+00  0.00E+00  0.00E+00  0.00E+00  0.00E+00  0.00E+00
03/21/2011 01:21:06  1.26E-05  1.48E-10  5.54E-11  5.54E-11  9.97E-10  0.00E+00  0.00E+00  0.00E+00  0.00E+00  0.00E+00  0.00E+00  0.00E+00  0.00E+00  0.00E+00  0.00E+00
03/21/2011 01:31:23  0.00E+00  0.00E+00  0.00E+00  0.00E+00  0.00E+00  0.00E+00  0.00E+00  0.00E+00  0.00E+00  0.00E+00  0.00E+00  0.00E+00  0.00E+00  0.00E+00  0.00E+00
03/24/2011 00:00:00  0.00E+00  0.00E+00  0.00E+00  0.00E+00  0.00E+00  0.00E+00  0.00E+00  0.00E+00  0.00E+00  0.00E+00  0.00E+00  0.00E+00  0.00E+00  0.00E+00  0.00E+00
03/24/2011 03:28:37  1.59E-07  3.63E-15  1.41E-15  1.41E-15  3.27E-14  0.00E+00  0.00E+00  0.00E+00  0.00E+00  0.00E+00  0.00E+00  0.00E+00  0.00E+00  0.00E+00  0.00E+00
03/24/2011 03:29:59  1.60E-07  3.67E-15  1.42E-15  1.42E-15  3.30E-14  0.00E+00  0.00E+00  0.00E+00  0.00E+00  0.00E+00  0.00E+00  0.00E+00  0.00E+00  0.00E+00  0.00E+00
03/24/2011 06:57:15  3.17E-07  1.03E-14  3.97E-15  3.97E-15  9.23E-14  0.00E+00  0.00E+00  0.00E+00  0.00E+00  0.00E+00  0.00E+00  0.00E+00  0.00E+00  0.00E+00  0.00E+00
03/24/2011 06:59:58  3.17E-07  1.03E-14  3.96E-15  3.96E-15  9.21E-14  0.00E+00  0.00E+00  0.00E+00  0.00E+00  0.00E+00  0.00E+00  0.00E+00  0.00E+00  0.00E+00  0.00E+00
03/24/2011 12:44:57  1.60E-07  3.66E-15  1.42E-15  1.42E-15  3.29E-14  0.00E+00  0.00E+00  0.00E+00  0.00E+00  0.00E+00  0.00E+00  0.00E+00  0.00E+00  0.00E+00  0.00E+00
03/24/2011 12:49:57  1.58E-07  3.60E-15  1.39E-15  1.39E-15  3.24E-14  0.00E+00  0.00E+00  0.00E+00  0.00E+00  0.00E+00  0.00E+00  0.00E+00  0.00E+00  0.00E+00  0.00E+00
03/24/2011 18:32:40  1.14E-09  1.69E-17  6.36E-18  6.36E-18  1.50E-16  0.00E+00  0.00E+00  0.00E+00  0.00E+00  0.00E+00  0.00E+00  0.00E+00  0.00E+00  0.00E+00  0.00E+00
03/24/2011 18:39:55  0.00E+00  0.00E+00  0.00E+00  0.00E+00  0.00E+00  0.00E+00  0.00E+00  0.00E+00  0.00E+00  0.00E+00  0.00E+00  0.00E+00  0.00E+00  0.00E+00  0.00E+00
04/09/2011 00:00:00  0.00E+00  0.00E+00  0.00E+00  0.00E+00  0.00E+00  0.00E+00  0.00E+00  0.00E+00  0.00E+00  0.00E+00  0.00E+00  0.00E+00  0.00E+00  0.00E+00  0.00E+00
04/09/2011 03:03:24  8.74E-08  1.12E-15  4.32E-16  4.32E-16  1.01E-14  0.00E+00  0.00E+00  0.00E+00  0.00E+00  0.00E+00  0.00E+00  0.00E+00  0.00E+00  0.00E+00  0.00E+00
04/09/2011 03:11:42  9.13E-08  1.18E-15  4.56E-16  4.56E-16  1.06E-14  0.00E+00  0.00E+00  0.00E+00  0.00E+00  0.00E+00  0.00E+00  0.00E+00  0.00E+00  0.00E+00  0.00E+00
04/09/2011 06:06:49  1.74E-07  3.13E-15  1.21E-15  1.21E-15  2.83E-14  0.00E+00  0.00E+00  0.00E+00  0.00E+00  0.00E+00  0.00E+00  0.00E+00  0.00E+00  0.00E+00  0.00E+00
04/09/2011 06:23:24  1.78E-07  3.25E-15  1.26E-15  1.26E-15  2.93E-14  0.00E+00  0.00E+00  0.00E+00  0.00E+00  0.00E+00  0.00E+00  0.00E+00  0.00E+00  0.00E+00  0.00E+00
04/09/2011 11:12:30  9.55E-08  1.31E-15  5.08E-16  5.08E-16  1.19E-14  0.00E+00  0.00E+00  0.00E+00  0.00E+00  0.00E+00  0.00E+00  0.00E+00  0.00E+00  0.00E+00  0.00E+00
04/09/2011 11:42:55  8.68E-08  1.13E-15  4.37E-16  4.37E-16  1.02E-14  0.00E+00  0.00E+00  0.00E+00  0.00E+00  0.00E+00  0.00E+00  0.00E+00  0.00E+00  0.00E+00  0.00E+00
04/09/2011 16:18:11  8.12E-09  1.25E-16  4.82E-17  4.82E-17  1.13E-15  0.00E+00  0.00E+00  0.00E+00  0.00E+00  0.00E+00  0.00E+00  0.00E+00  0.00E+00  0.00E+00  0.00E+00
04/09/2011 17:02:26  0.00E+00  0.00E+00  0.00E+00  0.00E+00  0.00E+00  0.00E+00  0.00E+00  0.00E+00  0.00E+00  0.00E+00  0.00E+00  0.00E+00  0.00E+00  0.00E+00  0.00E+00
11/12/2011 00:00:00  0.00E+00  0.00E+00  0.00E+00  0.00E+00  0.00E+00  0.00E+00  0.00E+00  0.00E+00  0.00E+00  0.00E+00  0.00E+00  0.00E+00  0.00E+00  0.00E+00  0.00E+00
11/12/2011 00:44:03  6.61E-06  1.37E-11  4.54E-12  4.54E-12  4.73E-11  0.00E+00  0.00E+00  0.00E+00  0.00E+00  0.00E+00  0.00E+00  0.00E+00  0.00E+00  0.00E+00  0.00E+00
11/12/2011 00:52:17  7.85E-06  1.70E-11  5.59E-12  5.59E-12  5.87E-11  0.00E+00  0.00E+00  0.00E+00  0.00E+00  0.00E+00  0.00E+00  0.00E+00  0.00E+00  0.00E+00  0.00E+00
11/12/2011 01:28:07  1.32E-05  3.73E-11  1.23E-11  1.23E-11  1.29E-10  0.00E+00  0.00E+00  0.00E+00  0.00E+00  0.00E+00  0.00E+00  0.00E+00  0.00E+00  0.00E+00  0.00E+00
11/12/2011 01:44:35  1.40E-05  4.14E-11  1.40E-11  1.40E-11  1.44E-10  0.00E+00  0.00E+00  0.00E+00  0.00E+00  0.00E+00  0.00E+00  0.00E+00  0.00E+00  0.00E+00  0.00E+00
11/12/2011 02:41:33  8.82E-06  2.21E-11  7.55E-12  7.55E-12  7.61E-11  0.00E+00  0.00E+00  0.00E+00  0.00E+00  0.00E+00  0.00E+00  0.00E+00  0.00E+00  0.00E+00  0.00E+00
11/12/2011 03:11:44  6.10E-06  1.34E-11  4.60E-12  4.60E-12  4.61E-11  0.00E+00  0.00E+00  0.00E+00  0.00E+00  0.00E+00  0.00E+00  0.00E+00  0.00E+00  0.00E+00  0.00E+00
11/12/2011 03:55:00  2.21E-06  5.34E-12  1.93E-12  1.93E-12  1.82E-11  0.00E+00  0.00E+00  0.00E+00  0.00E+00  0.00E+00  0.00E+00  0.00E+00  0.00E+00  0.00E+00  0.00E+00
11/12/2011 04:38:53  0.00E+00  0.00E+00  0.00E+00  0.00E+00  0.00E+00  0.00E+00  0.00E+00  0.00E+00  0.00E+00  0.00E+00  0.00E+00  0.00E+00  0.00E+00  0.00E+00  0.00E+00
11/21/2011 00:00:00  0.00E+00  0.00E+00  0.00E+00  0.00E+00  0.00E+00  0.00E+00  0.00E+00  0.00E+00  0.00E+00  0.00E+00  0.00E+00  0.00E+00  0.00E+00  0.00E+00  0.00E+00
11/21/2011 00:34:59  6.60E-06  8.35E-12  3.12E-12  3.12E-12  5.54E-11  0.00E+00  0.00E+00  0.00E+00  0.00E+00  0.00E+00  0.00E+00  0.00E+00  0.00E+00  0.00E+00  0.00E+00
11/21/2011 00:41:39  7.86E-06  1.04E-11  3.87E-12  3.87E-12  6.90E-11  0.00E+00  0.00E+00  0.00E+00  0.00E+00  0.00E+00  0.00E+00  0.00E+00  0.00E+00  0.00E+00  0.00E+00
11/21/2011 01:09:59  1.32E-05  2.27E-11  8.50E-12  8.50E-12  1.51E-10  0.00E+00  0.00E+00  0.00E+00  0.00E+00  0.00E+00  0.00E+00  0.00E+00  0.00E+00  0.00E+00  0.00E+00
11/21/2011 01:23:19  1.40E-05  2.56E-11  9.54E-12  9.54E-12  1.68E-10  0.00E+00  0.00E+00  0.00E+00  0.00E+00  0.00E+00  0.00E+00  0.00E+00  0.00E+00  0.00E+00  0.00E+00
11/21/2011 02:08:19  8.85E-06  1.38E-11  5.14E-12  5.14E-12  8.98E-11  0.00E+00  0.00E+00  0.00E+00  0.00E+00  0.00E+00  0.00E+00  0.00E+00  0.00E+00  0.00E+00  0.00E+00
11/21/2011 02:32:46  6.08E-06  8.30E-12  3.10E-12  3.10E-12  5.40E-11  0.00E+00  0.00E+00  0.00E+00  0.00E+00  0.00E+00  0.00E+00  0.00E+00  0.00E+00  0.00E+00  0.00E+00
11/21/2011 03:06:39  2.24E-06  3.45E-12  1.29E-12  1.29E-12  2.19E-11  0.00E+00  0.00E+00  0.00E+00  0.00E+00  0.00E+00  0.00E+00  0.00E+00  0.00E+00  0.00E+00  0.00E+00
11/21/2011 03:42:13  0.00E+00  0.00E+00  0.00E+00  0.00E+00  0.00E+00  0.00E+00  0.00E+00  0.00E+00  0.00E+00  0.00E+00  0.00E+00  0.00E+00  0.00E+00  0.00E+00  0.00E+00
03/18/2012 00:00:00  0.00E+00  0.00E+00  0.00E+00  0.00E+00  0.00E+00  0.00E+00  0.00E+00  0.00E+00  0.00E+00  0.00E+00  0.00E+00  0.00E+00  0.00E+00  0.00E+00  0.00E+00
03/18/2012 02:10:04  1.10E-07  1.73E-15  6.68E-16  6.68E-16  1.55E-14  0.00E+00  0.00E+00  0.00E+00  0.00E+00  0.00E+00  0.00E+00  0.00E+00  0.00E+00  0.00E+00  0.00E+00
03/18/2012 02:10:41  1.10E-07  1.74E-15  6.71E-16  6.71E-16  1.55E-14  0.00E+00  0.00E+00  0.00E+00  0.00E+00  0.00E+00  0.00E+00  0.00E+00  0.00E+00  0.00E+00  0.00E+00
03/18/2012 04:20:08  2.20E-07  4.88E-15  1.88E-15  1.88E-15  4.36E-14  0.00E+00  0.00E+00  0.00E+00  0.00E+00  0.00E+00  0.00E+00  0.00E+00  0.00E+00  0.00E+00  0.00E+00
03/18/2012 04:21:23  2.20E-07  4.90E-15  1.89E-15  1.89E-15  4.38E-14  0.00E+00  0.00E+00  0.00E+00  0.00E+00  0.00E+00  0.00E+00  0.00E+00  0.00E+00  0.00E+00  0.00E+00
03/18/2012 07:56:56  1.11E-07  1.76E-15  6.80E-16  6.80E-16  1.57E-14  0.00E+00  0.00E+00  0.00E+00  0.00E+00  0.00E+00  0.00E+00  0.00E+00  0.00E+00  0.00E+00  0.00E+00
03/18/2012 07:59:12  1.10E-07  1.73E-15  6.68E-16  6.68E-16  1.55E-14  0.00E+00  0.00E+00  0.00E+00  0.00E+00  0.00E+00  0.00E+00  0.00E+00  0.00E+00  0.00E+00  0.00E+00
03/18/2012 11:33:43  1.07E-09  2.00E-17  7.73E-18  7.73E-18  1.79E-16  0.00E+00  0.00E+00  0.00E+00  0.00E+00  0.00E+00  0.00E+00  0.00E+00  0.00E+00  0.00E+00  0.00E+00
03/18/2012 11:37:01  0.00E+00  0.00E+00  0.00E+00  0.00E+00  0.00E+00  0.00E+00  0.00E+00  0.00E+00  0.00E+00  0.00E+00  0.00E+00  0.00E+00  0.00E+00  0.00E+00  0.00E+00
12/13/2012 00:00:00  0.00E+00  0.00E+00  0.00E+00  0.00E+00  0.00E+00  0.00E+00  0.00E+00  0.00E+00  0.00E+00  0.00E+00  0.00E+00  0.00E+00  0.00E+00  0.00E+00  0.00E+00
12/13/2012 00:18:35  3.96E-05  4.47E-10  1.71E-10  1.71E-10  1.73E-09  0.00E+00  0.00E+00  0.00E+00  0.00E+00  0.00E+00  0.00E+00  0.00E+00  0.00E+00  0.00E+00  0.00E+00
12/13/2012 00:22:07  4.71E-05  5.59E-10  2.13E-10  2.13E-10  2.15E-09  0.00E+00  0.00E+00  0.00E+00  0.00E+00  0.00E+00  0.00E+00  0.00E+00  0.00E+00  0.00E+00  0.00E+00
12/13/2012 00:37:11  7.93E-05  1.22E-09  4.68E-10  4.68E-10  4.71E-09  0.00E+00  0.00E+00  0.00E+00  0.00E+00  0.00E+00  0.00E+00  0.00E+00  0.00E+00  0.00E+00  0.00E+00
12/13/2012 00:44:14  8.37E-05  1.35E-09  5.25E-10  5.25E-10  5.25E-09  0.00E+00  0.00E+00  0.00E+00  0.00E+00  0.00E+00  0.00E+00  0.00E+00  0.00E+00  0.00E+00  0.00E+00
12/13/2012 01:08:10  5.30E-05  7.16E-10  2.82E-10  2.82E-10  2.81E-09  0.00E+00  0.00E+00  0.00E+00  0.00E+00  0.00E+00  0.00E+00  0.00E+00  0.00E+00  0.00E+00  0.00E+00
12/13/2012 01:21:05  3.65E-05  4.32E-10  1.70E-10  1.70E-10  1.70E-09  0.00E+00  0.00E+00  0.00E+00  0.00E+00  0.00E+00  0.00E+00  0.00E+00  0.00E+00  0.00E+00  0.00E+00
12/13/2012 01:39:10  1.34E-05  1.71E-10  6.98E-11  6.98E-11  6.88E-10  0.00E+00  0.00E+00  0.00E+00  0.00E+00  0.00E+00  0.00E+00  0.00E+00  0.00E+00  0.00E+00  0.00E+00
12/13/2012 01:57:57  0.00E+00  0.00E+00  0.00E+00  0.00E+00  0.00E+00  0.00E+00  0.00E+00  0.00E+00  0.00E+00  0.00E+00  0.00E+00  0.00E+00  0.00E+00  0.00E+00  0.00E+00
01/25/2013 00:00:00  0.00E+00  0.00E+00  0.00E+00  0.00E+00  0.00E+00  0.00E+00  0.00E+00  0.00E+00  0.00E+00  0.00E+00  0.00E+00  0.00E+00  0.00E+00  0.00E+00  0.00E+00
01/25/2013 03:01:13  1.22E-07  2.16E-15  8.36E-16  8.36E-16  1.93E-14  0.00E+00  0.00E+00  0.00E+00  0.00E+00  0.00E+00  0.00E+00  0.00E+00  0.00E+00  0.00E+00  0.00E+00
01/25/2013 03:03:29  1.24E-07  2.20E-15  8.48E-16  8.48E-16  1.96E-14  0.00E+00  0.00E+00  0.00E+00  0.00E+00  0.00E+00  0.00E+00  0.00E+00  0.00E+00  0.00E+00  0.00E+00
01/25/2013 06:02:27  2.44E-07  6.09E-15  2.35E-15  2.35E-15  5.45E-14  0.00E+00  0.00E+00  0.00E+00  0.00E+00  0.00E+00  0.00E+00  0.00E+00  0.00E+00  0.00E+00  0.00E+00
01/25/2013 06:06:58  2.46E-07  6.16E-15  2.38E-15  2.38E-15  5.51E-14  0.00E+00  0.00E+00  0.00E+00  0.00E+00  0.00E+00  0.00E+00  0.00E+00  0.00E+00  0.00E+00  0.00E+00
01/25/2013 11:04:30  1.25E-07  2.27E-15  8.76E-16  8.76E-16  2.03E-14  0.00E+00  0.00E+00  0.00E+00  0.00E+00  0.00E+00  0.00E+00  0.00E+00  0.00E+00  0.00E+00  0.00E+00
01/25/2013 11:12:46  1.22E-07  2.17E-15  8.39E-16  8.39E-16  1.94E-14  0.00E+00  0.00E+00  0.00E+00  0.00E+00  0.00E+00  0.00E+00  0.00E+00  0.00E+00  0.00E+00  0.00E+00
01/25/2013 16:06:33  3.13E-09  6.61E-17  2.55E-17  2.55E-17  5.90E-16  0.00E+00  0.00E+00  0.00E+00  0.00E+00  0.00E+00  0.00E+00  0.00E+00  0.00E+00  0.00E+00  0.00E+00
01/25/2013 16:18:35  0.00E+00  0.00E+00  0.00E+00  0.00E+00  0.00E+00  0.00E+00  0.00E+00  0.00E+00  0.00E+00  0.00E+00  0.00E+00  0.00E+00  0.00E+00  0.00E+00  0.00E+00
01/26/2013 00:00:00  0.00E+00  0.00E+00  0.00E+00  0.00E+00  0.00E+00  0.00E+00  0.00E+00  0.00E+00  0.00E+00  0.00E+00  0.00E+00  0.00E+00  0.00E+00  0.00E+00  0.00E+00
01/26/2013 00:29:37  6.56E-06  8.62E-12  3.22E-12  3.22E-12  5.45E-11  0.00E+00  0.00E+00  0.00E+00  0.00E+00  0.00E+00  0.00E+00  0.00E+00  0.00E+00  0.00E+00  0.00E+00
01/26/2013 00:35:37  7.89E-06  1.08E-11  4.04E-12  4.04E-12  6.88E-11  0.00E+00  0.00E+00  0.00E+00  0.00E+00  0.00E+00  0.00E+00  0.00E+00  0.00E+00  0.00E+00  0.00E+00
01/26/2013 00:59:14  1.31E-05  2.34E-11  8.73E-12  8.73E-12  1.48E-10  0.00E+00  0.00E+00  0.00E+00  0.00E+00  0.00E+00  0.00E+00  0.00E+00  0.00E+00  0.00E+00  0.00E+00
01/26/2013 01:11:14  1.39E-05  2.65E-11  9.88E-12  9.88E-12  1.65E-10  0.00E+00  0.00E+00  0.00E+00  0.00E+00  0.00E+00  0.00E+00  0.00E+00  0.00E+00  0.00E+00  0.00E+00
01/26/2013 01:48:37  8.93E-06  1.46E-11  5.43E-12  5.43E-12  9.01E-11  0.00E+00  0.00E+00  0.00E+00  0.00E+00  0.00E+00  0.00E+00  0.00E+00  0.00E+00  0.00E+00  0.00E+00
01/26/2013 02:10:37  6.00E-06  8.57E-12  3.20E-12  3.20E-12  5.30E-11  0.00E+00  0.00E+00  0.00E+00  0.00E+00  0.00E+00  0.00E+00  0.00E+00  0.00E+00  0.00E+00  0.00E+00
01/26/2013 02:37:59  2.36E-06  3.79E-12  1.41E-12  1.41E-12  2.27E-11  0.00E+00  0.00E+00  0.00E+00  0.00E+00  0.00E+00  0.00E+00  0.00E+00  0.00E+00  0.00E+00  0.00E+00
01/26/2013 03:09:59  0.00E+00  0.00E+00  0.00E+00  0.00E+00  0.00E+00  0.00E+00  0.00E+00  0.00E+00  0.00E+00  0.00E+00  0.00E+00  0.00E+00  0.00E+00  0.00E+00  0.00E+00
03/08/2013 00:00:00  0.00E+00  0.00E+00  0.00E+00  0.00E+00  0.00E+00  0.00E+00  0.00E+00  0.00E+00  0.00E+00  0.00E+00  0.00E+00  0.00E+00  0.00E+00  0.00E+00  0.00E+00
03/08/2013 03:32:24  3.21E-07  1.48E-14  5.75E-15  5.75E-15  1.33E-13  0.00E+00  0.00E+00  0.00E+00  0.00E+00  0.00E+00  0.00E+00  0.00E+00  0.00E+00  0.00E+00  0.00E+00
03/08/2013 03:34:00  3.24E-07  1.50E-14  5.82E-15  5.82E-15  1.34E-13  0.00E+00  0.00E+00  0.00E+00  0.00E+00  0.00E+00  0.00E+00  0.00E+00  0.00E+00  0.00E+00  0.00E+00
03/08/2013 07:04:49  6.41E-07  4.20E-14  1.62E-14  1.62E-14  3.76E-13  0.00E+00  0.00E+00  0.00E+00  0.00E+00  0.00E+00  0.00E+00  0.00E+00  0.00E+00  0.00E+00  0.00E+00
03/08/2013 07:08:00  6.41E-07  4.19E-14  1.62E-14  1.62E-14  3.75E-13  0.00E+00  0.00E+00  0.00E+00  0.00E+00  0.00E+00  0.00E+00  0.00E+00  0.00E+00  0.00E+00  0.00E+00
03/08/2013 12:58:50  3.24E-07  1.50E-14  5.80E-15  5.80E-15  1.34E-13  0.00E+00  0.00E+00  0.00E+00  0.00E+00  0.00E+00  0.00E+00  0.00E+00  0.00E+00  0.00E+00  0.00E+00
03/08/2013 13:04:41  3.19E-07  1.47E-14  5.69E-15  5.69E-15  1.31E-13  0.00E+00  0.00E+00  0.00E+00  0.00E+00  0.00E+00  0.00E+00  0.00E+00  0.00E+00  0.00E+00  0.00E+00
03/08/2013 18:52:52  2.69E-09  7.98E-17  3.10E-17  3.10E-17  7.15E-16  0.00E+00  0.00E+00  0.00E+00  0.00E+00  0.00E+00  0.00E+00  0.00E+00  0.00E+00  0.00E+00  0.00E+00
03/08/2013 19:01:22  0.00E+00  0.00E+00  0.00E+00  0.00E+00  0.00E+00  0.00E+00  0.00E+00  0.00E+00  0.00E+00  0.00E+00  0.00E+00  0.00E+00  0.00E+00  0.00E+00  0.00E+00
12/06/2013 00:00:00  0.00E+00  0.00E+00  0.00E+00  0.00E+00  0.00E+00  0.00E+00  0.00E+00  0.00E+00  0.00E+00  0.00E+00  0.00E+00  0.00E+00  0.00E+00  0.00E+00  0.00E+00
12/06/2013 03:08:37  1.64E-07  9.46E-15  2.19E-15  2.19E-15  2.72E-14  0.00E+00  0.00E+00  0.00E+00  0.00E+00  0.00E+00  0.00E+00  0.00E+00  0.00E+00  0.00E+00  0.00E+00
12/06/2013 03:09:12  1.64E-07  9.51E-15  2.20E-15  2.20E-15  2.74E-14  0.00E+00  0.00E+00  0.00E+00  0.00E+00  0.00E+00  0.00E+00  0.00E+00  0.00E+00  0.00E+00  0.00E+00
12/06/2013 06:17:15  3.28E-07  2.67E-14  6.20E-15  6.20E-15  7.70E-14  0.00E+00  0.00E+00  0.00E+00  0.00E+00  0.00E+00  0.00E+00  0.00E+00  0.00E+00  0.00E+00  0.00E+00
12/06/2013 06:18:24  3.28E-07  2.67E-14  6.19E-15  6.19E-15  7.70E-14  0.00E+00  0.00E+00  0.00E+00  0.00E+00  0.00E+00  0.00E+00  0.00E+00  0.00E+00  0.00E+00  0.00E+00
12/06/2013 11:31:38  1.64E-07  9.47E-15  2.20E-15  2.20E-15  2.74E-14  0.00E+00  0.00E+00  0.00E+00  0.00E+00  0.00E+00  0.00E+00  0.00E+00  0.00E+00  0.00E+00  0.00E+00
12/06/2013 11:33:45  1.63E-07  9.40E-15  2.18E-15  2.18E-15  2.71E-14  0.00E+00  0.00E+00  0.00E+00  0.00E+00  0.00E+00  0.00E+00  0.00E+00  0.00E+00  0.00E+00  0.00E+00
12/06/2013 16:46:01  5.73E-10  1.15E-17  3.34E-18  3.34E-18  7.74E-17  0.00E+00  0.00E+00  0.00E+00  0.00E+00  0.00E+00  0.00E+00  0.00E+00  0.00E+00  0.00E+00  0.00E+00
12/06/2013 16:49:05  0.00E+00  0.00E+00  0.00E+00  0.00E+00  0.00E+00  0.00E+00  0.00E+00  0.00E+00  0.00E+00  0.00E+00  0.00E+00  0.00E+00  0.00E+00  0.00E+00  0.00E+00
02/27/2014 00:00:00  0.00E+00  0.00E+00  0.00E+00  0.00E+00  0.00E+00  0.00E+00  0.00E+00  0.00E+00  0.00E+00  0.00E+00  0.00E+00  0.00E+00  0.00E+00  0.00E+00  0.00E+00
02/27/2014 02:32:15  1.34E-07  2.55E-15  9.90E-16  9.90E-16  2.29E-14  0.00E+00  0.00E+00  0.00E+00  0.00E+00  0.00E+00  0.00E+00  0.00E+00  0.00E+00  0.00E+00  0.00E+00
02/27/2014 05:04:30  2.68E-07  7.23E-15  2.80E-15  2.80E-15  6.48E-14  0.00E+00  0.00E+00  0.00E+00  0.00E+00  0.00E+00  0.00E+00  0.00E+00  0.00E+00  0.00E+00  0.00E+00
02/27/2014 09:18:16  1.34E-07  2.55E-15  9.90E-16  9.90E-16  2.29E-14  0.00E+00  0.00E+00  0.00E+00  0.00E+00  0.00E+00  0.00E+00  0.00E+00  0.00E+00  0.00E+00  0.00E+00
02/27/2014 13:32:02  0.00E+00  0.00E+00  0.00E+00  0.00E+00  0.00E+00  0.00E+00  0.00E+00  0.00E+00  0.00E+00  0.00E+00  0.00E+00  0.00E+00  0.00E+00  0.00E+00  0.00E+00
12/02/2014 00:00:00  0.00E+00  0.00E+00  0.00E+00  0.00E+00  0.00E+00  0.00E+00  0.00E+00  0.00E+00  0.00E+00  0.00E+00  0.00E+00  0.00E+00  0.00E+00  0.00E+00  0.00E+00
12/02/2014 03:28:43  4.28E-07  6.34E-14  1.55E-14  1.55E-14  1.86E-13  0.00E+00  0.00E+00  0.00E+00  0.00E+00  0.00E+00  0.00E+00  0.00E+00  0.00E+00  0.00E+00  0.00E+00
12/02/2014 03:30:06  4.31E-07  6.39E-14  1.56E-14  1.56E-14  1.87E-13  0.00E+00  0.00E+00  0.00E+00  0.00E+00  0.00E+00  0.00E+00  0.00E+00  0.00E+00  0.00E+00  0.00E+00
12/02/2014 06:57:27  8.55E-07  1.79E-13  4.38E-14  4.38E-14  5.26E-13  0.00E+00  0.00E+00  0.00E+00  0.00E+00  0.00E+00  0.00E+00  0.00E+00  0.00E+00  0.00E+00  0.00E+00
12/02/2014 07:00:12  8.58E-07  1.80E-13  4.40E-14  4.40E-14  5.28E-13  0.00E+00  0.00E+00  0.00E+00  0.00E+00  0.00E+00  0.00E+00  0.00E+00  0.00E+00  0.00E+00  0.00E+00
12/02/2014 12:45:19  4.34E-07  6.52E-14  1.60E-14  1.60E-14  1.90E-13  0.00E+00  0.00E+00  0.00E+00  0.00E+00  0.00E+00  0.00E+00  0.00E+00  0.00E+00  0.00E+00  0.00E+00
12/02/2014 12:50:23  4.28E-07  6.36E-14  1.56E-14  1.56E-14  1.86E-13  0.00E+00  0.00E+00  0.00E+00  0.00E+00  0.00E+00  0.00E+00  0.00E+00  0.00E+00  0.00E+00  0.00E+00
12/02/2014 18:33:12  5.79E-09  1.14E-15  2.80E-16  2.80E-16  2.80E-15  0.00E+00  0.00E+00  0.00E+00  0.00E+00  0.00E+00  0.00E+00  0.00E+00  0.00E+00  0.00E+00  0.00E+00
12/02/2014 18:40:34  0.00E+00  0.00E+00  0.00E+00  0.00E+00  0.00E+00  0.00E+00  0.00E+00  0.00E+00  0.00E+00  0.00E+00  0.00E+00  0.00E+00  0.00E+00  0.00E+00  0.00E+00
12/12/2014 00:00:00  0.00E+00  0.00E+00  0.00E+00  0.00E+00  0.00E+00  0.00E+00  0.00E+00  0.00E+00  0.00E+00  0.00E+00  0.00E+00  0.00E+00  0.00E+00  0.00E+00  0.00E+00
12/12/2014 00:20:04  2.64E-05  1.78E-10  7.96E-11  7.96E-11  7.82E-10  0.00E+00  0.00E+00  0.00E+00  0.00E+00  0.00E+00  0.00E+00  0.00E+00  0.00E+00  0.00E+00  0.00E+00
12/12/2014 00:23:54  3.14E-05  2.25E-10  9.94E-11  9.94E-11  9.71E-10  0.00E+00  0.00E+00  0.00E+00  0.00E+00  0.00E+00  0.00E+00  0.00E+00  0.00E+00  0.00E+00  0.00E+00
12/12/2014 00:40:09  5.29E-05  4.89E-10  2.17E-10  2.17E-10  2.13E-09  0.00E+00  0.00E+00  0.00E+00  0.00E+00  0.00E+00  0.00E+00  0.00E+00  0.00E+00  0.00E+00  0.00E+00
12/12/2014 00:47:48  5.58E-05  5.25E-10  2.40E-10  2.40E-10  2.39E-09  0.00E+00  0.00E+00  0.00E+00  0.00E+00  0.00E+00  0.00E+00  0.00E+00  0.00E+00  0.00E+00  0.00E+00
12/12/2014 01:13:37  3.54E-05  2.73E-10  1.28E-10  1.28E-10  1.29E-09  0.00E+00  0.00E+00  0.00E+00  0.00E+00  0.00E+00  0.00E+00  0.00E+00  0.00E+00  0.00E+00  0.00E+00
12/12/2014 01:27:39  2.43E-05  1.64E-10  7.69E-11  7.69E-11  7.79E-10  0.00E+00  0.00E+00  0.00E+00  0.00E+00  0.00E+00  0.00E+00  0.00E+00  0.00E+00  0.00E+00  0.00E+00
12/12/2014 01:47:04  8.97E-06  6.05E-11  3.07E-11  3.07E-11  3.25E-10  0.00E+00  0.00E+00  0.00E+00  0.00E+00  0.00E+00  0.00E+00  0.00E+00  0.00E+00  0.00E+00  0.00E+00
12/12/2014 02:07:29  0.00E+00  0.00E+00  0.00E+00  0.00E+00  0.00E+00  0.00E+00  0.00E+00  0.00E+00  0.00E+00  0.00E+00  0.00E+00  0.00E+00  0.00E+00  0.00E+00  0.00E+00
03/01/2015 00:00:00  0.00E+00  0.00E+00  0.00E+00  0.00E+00  0.00E+00  0.00E+00  0.00E+00  0.00E+00  0.00E+00  0.00E+00  0.00E+00  0.00E+00  0.00E+00  0.00E+00  0.00E+00
03/01/2015 00:26:05  1.32E-05  3.51E-11  1.30E-11  1.30E-11  2.18E-10  0.00E+00  0.00E+00  0.00E+00  0.00E+00  0.00E+00  0.00E+00  0.00E+00  0.00E+00  0.00E+00  0.00E+00
03/01/2015 00:31:14  1.58E-05  4.38E-11  1.63E-11  1.63E-11  2.73E-10  0.00E+00  0.00E+00  0.00E+00  0.00E+00  0.00E+00  0.00E+00  0.00E+00  0.00E+00  0.00E+00  0.00E+00
03/01/2015 00:52:11  2.63E-05  9.53E-11  3.53E-11  3.53E-11  5.93E-10  0.00E+00  0.00E+00  0.00E+00  0.00E+00  0.00E+00  0.00E+00  0.00E+00  0.00E+00  0.00E+00  0.00E+00
03/01/2015 01:02:29  2.78E-05  1.08E-10  3.99E-11  3.99E-11  6.61E-10  0.00E+00  0.00E+00  0.00E+00  0.00E+00  0.00E+00  0.00E+00  0.00E+00  0.00E+00  0.00E+00  0.00E+00
03/01/2015 01:35:40  1.78E-05  5.88E-11  2.18E-11  2.18E-11  3.57E-10  0.00E+00  0.00E+00  0.00E+00  0.00E+00  0.00E+00  0.00E+00  0.00E+00  0.00E+00  0.00E+00  0.00E+00
03/01/2015 01:54:34  1.21E-05  3.49E-11  1.30E-11  1.30E-11  2.12E-10  0.00E+00  0.00E+00  0.00E+00  0.00E+00  0.00E+00  0.00E+00  0.00E+00  0.00E+00  0.00E+00  0.00E+00
03/01/2015 02:19:09  4.63E-06  1.51E-11  5.60E-12  5.60E-12  8.87E-11  0.00E+00  0.00E+00  0.00E+00  0.00E+00  0.00E+00  0.00E+00  0.00E+00  0.00E+00  0.00E+00  0.00E+00
03/01/2015 02:46:39  0.00E+00  0.00E+00  0.00E+00  0.00E+00  0.00E+00  0.00E+00  0.00E+00  0.00E+00  0.00E+00  0.00E+00  0.00E+00  0.00E+00  0.00E+00  0.00E+00  0.00E+00
05/14/2015 00:00:00  0.00E+00  0.00E+00  0.00E+00  0.00E+00  0.00E+00  0.00E+00  0.00E+00  0.00E+00  0.00E+00  0.00E+00  0.00E+00  0.00E+00  0.00E+00  0.00E+00  0.00E+00
05/14/2015 03:37:08  3.56E-07  4.42E-14  1.07E-14  1.07E-14  1.28E-13  0.00E+00  0.00E+00  0.00E+00  0.00E+00  0.00E+00  0.00E+00  0.00E+00  0.00E+00  0.00E+00  0.00E+00
05/14/2015 03:37:38  3.57E-07  4.44E-14  1.07E-14  1.07E-14  1.28E-13  0.00E+00  0.00E+00  0.00E+00  0.00E+00  0.00E+00  0.00E+00  0.00E+00  0.00E+00  0.00E+00  0.00E+00
05/14/2015 07:14:17  7.10E-07  1.25E-13  3.02E-14  3.02E-14  3.62E-13  0.00E+00  0.00E+00  0.00E+00  0.00E+00  0.00E+00  0.00E+00  0.00E+00  0.00E+00  0.00E+00  0.00E+00
05/14/2015 07:15:16  7.10E-07  1.25E-13  3.01E-14  3.01E-14  3.62E-13  0.00E+00  0.00E+00  0.00E+00  0.00E+00  0.00E+00  0.00E+00  0.00E+00  0.00E+00  0.00E+00  0.00E+00
05/14/2015 13:16:12  3.57E-07  4.43E-14  1.07E-14  1.07E-14  1.28E-13  0.00E+00  0.00E+00  0.00E+00  0.00E+00  0.00E+00  0.00E+00  0.00E+00  0.00E+00  0.00E+00  0.00E+00
05/14/2015 13:18:00  3.55E-07  4.41E-14  1.06E-14  1.06E-14  1.27E-13  0.00E+00  0.00E+00  0.00E+00  0.00E+00  0.00E+00  0.00E+00  0.00E+00  0.00E+00  0.00E+00  0.00E+00
05/14/2015 19:18:07  9.23E-10  4.52E-17  1.14E-17  1.14E-17  2.65E-16  0.00E+00  0.00E+00  0.00E+00  0.00E+00  0.00E+00  0.00E+00  0.00E+00  0.00E+00  0.00E+00  0.00E+00
05/14/2015 19:20:44  0.00E+00  0.00E+00  0.00E+00  0.00E+00  0.00E+00  0.00E+00  0.00E+00  0.00E+00  0.00E+00  0.00E+00  0.00E+00  0.00E+00  0.00E+00  0.00E+00  0.00E+00
09/15/2015 00:00:00  0.00E+00  0.00E+00  0.00E+00  0.00E+00  0.00E+00  0.00E+00  0.00E+00  0.00E+00  0.00E+00  0.00E+00  0.00E+00  0.00E+00  0.00E+00  0.00E+00  0.00E+00
09/15/2015 01:21:58  2.19E-06  1.50E-12  4.64E-13  4.64E-13  5.46E-12  0.00E+00  0.00E+00  0.00E+00  0.00E+00  0.00E+00  0.00E+00  0.00E+00  0.00E+00  0.00E+00  0.00E+00
09/15/2015 01:48:07  2.88E-06  2.13E-12  6.50E-13  6.50E-13  7.84E-12  0.00E+00  0.00E+00  0.00E+00  0.00E+00  0.00E+00  0.00E+00  0.00E+00  0.00E+00  0.00E+00  0.00E+00
09/15/2015 02:43:57  4.37E-06  4.00E-12  1.23E-12  1.23E-12  1.46E-11  0.00E+00  0.00E+00  0.00E+00  0.00E+00  0.00E+00  0.00E+00  0.00E+00  0.00E+00  0.00E+00  0.00E+00
09/15/2015 03:36:15  4.67E-06  4.69E-12  1.50E-12  1.50E-12  1.65E-11  0.00E+00  0.00E+00  0.00E+00  0.00E+00  0.00E+00  0.00E+00  0.00E+00  0.00E+00  0.00E+00  0.00E+00
09/15/2015 05:00:35  3.32E-06  3.00E-12  9.75E-13  9.75E-13  1.03E-11  0.00E+00  0.00E+00  0.00E+00  0.00E+00  0.00E+00  0.00E+00  0.00E+00  0.00E+00  0.00E+00  0.00E+00
09/15/2015 06:36:27  1.78E-06  1.40E-12  4.63E-13  4.63E-13  4.71E-12  0.00E+00  0.00E+00  0.00E+00  0.00E+00  0.00E+00  0.00E+00  0.00E+00  0.00E+00  0.00E+00  0.00E+00
09/15/2015 07:17:13  1.13E-06  9.52E-13  3.24E-13  3.24E-13  3.08E-12  0.00E+00  0.00E+00  0.00E+00  0.00E+00  0.00E+00  0.00E+00  0.00E+00  0.00E+00  0.00E+00  0.00E+00
09/15/2015 09:36:39  0.00E+00  0.00E+00  0.00E+00  0.00E+00  0.00E+00  0.00E+00  0.00E+00  0.00E+00  0.00E+00  0.00E+00  0.00E+00  0.00E+00  0.00E+00  0.00E+00  0.00E+00
01/05/2016 00:00:00  0.00E+00  0.00E+00  0.00E+00  0.00E+00  0.00E+00  0.00E+00  0.00E+00  0.00E+00  0.00E+00  0.00E+00  0.00E+00  0.00E+00  0.00E+00  0.00E+00  0.00E+00
01/05/2016 03:27:52  4.20E-07  2.51E-14  9.73E-15  9.73E-15  2.25E-13  0.00E+00  0.00E+00  0.00E+00  0.00E+00  0.00E+00  0.00E+00  0.00E+00  0.00E+00  0.00E+00  0.00E+00
01/05/2016 03:28:07  4.20E-07  2.51E-14  9.75E-15  9.75E-15  2.25E-13  0.00E+00  0.00E+00  0.00E+00  0.00E+00  0.00E+00  0.00E+00  0.00E+00  0.00E+00  0.00E+00  0.00E+00
01/05/2016 06:55:45  8.39E-07  7.10E-14  2.75E-14  2.75E-14  6.36E-13  0.00E+00  0.00E+00  0.00E+00  0.00E+00  0.00E+00  0.00E+00  0.00E+00  0.00E+00  0.00E+00  0.00E+00
01/05/2016 06:56:15  8.39E-07  7.09E-14  2.75E-14  2.75E-14  6.36E-13  0.00E+00  0.00E+00  0.00E+00  0.00E+00  0.00E+00  0.00E+00  0.00E+00  0.00E+00  0.00E+00  0.00E+00
01/05/2016 12:42:13  4.20E-07  2.51E-14  9.74E-15  9.74E-15  2.25E-13  0.00E+00  0.00E+00  0.00E+00  0.00E+00  0.00E+00  0.00E+00  0.00E+00  0.00E+00  0.00E+00  0.00E+00
01/05/2016 12:43:08  4.19E-07  2.50E-14  9.71E-15  9.71E-15  2.24E-13  0.00E+00  0.00E+00  0.00E+00  0.00E+00  0.00E+00  0.00E+00  0.00E+00  0.00E+00  0.00E+00  0.00E+00
01/05/2016 18:28:41  5.80E-10  2.30E-17  8.92E-18  8.92E-18  2.06E-16  0.00E+00  0.00E+00  0.00E+00  0.00E+00  0.00E+00  0.00E+00  0.00E+00  0.00E+00  0.00E+00  0.00E+00
01/05/2016 18:30:01  0.00E+00  0.00E+00  0.00E+00  0.00E+00  0.00E+00  0.00E+00  0.00E+00  0.00E+00  0.00E+00  0.00E+00  0.00E+00  0.00E+00  0.00E+00  0.00E+00  0.00E+00
03/01/2016 00:00:00  0.00E+00  0.00E+00  0.00E+00  0.00E+00  0.00E+00  0.00E+00  0.00E+00  0.00E+00  0.00E+00  0.00E+00  0.00E+00  0.00E+00  0.00E+00  0.00E+00  0.00E+00
03/01/2016 00:13:39  5.08E-04  4.19E-08  1.73E-08  1.73E-08  3.29E-07  0.00E+00  0.00E+00  0.00E+00  0.00E+00  0.00E+00  0.00E+00  0.00E+00  0.00E+00  0.00E+00  0.00E+00
03/01/2016 00:15:02  5.60E-04  4.72E-08  1.94E-08  1.94E-08  3.71E-07  0.00E+00  0.00E+00  0.00E+00  0.00E+00  0.00E+00  0.00E+00  0.00E+00  0.00E+00  0.00E+00  0.00E+00
03/01/2016 00:27:18  1.02E-03  1.16E-07  4.79E-08  4.79E-08  9.11E-07  0.00E+00  0.00E+00  0.00E+00  0.00E+00  0.00E+00  0.00E+00  0.00E+00  0.00E+00  0.00E+00  0.00E+00
03/01/2016 00:30:05  1.05E-03  1.25E-07  5.17E-08  5.17E-08  9.75E-07  0.00E+00  0.00E+00  0.00E+00  0.00E+00  0.00E+00  0.00E+00  0.00E+00  0.00E+00  0.00E+00  0.00E+00
03/01/2016 00:50:03  6.07E-04  5.74E-08  2.38E-08  2.38E-08  4.47E-07  0.00E+00  0.00E+00  0.00E+00  0.00E+00  0.00E+00  0.00E+00  0.00E+00  0.00E+00  0.00E+00  0.00E+00
03/01/2016 00:55:10  4.93E-04  4.24E-08  1.76E-08  1.76E-08  3.30E-07  0.00E+00  0.00E+00  0.00E+00  0.00E+00  0.00E+00  0.00E+00  0.00E+00  0.00E+00  0.00E+00  0.00E+00
03/01/2016 01:12:48  9.89E-05  9.92E-09  4.16E-09  4.16E-09  7.51E-08  0.00E+00  0.00E+00  0.00E+00  0.00E+00  0.00E+00  0.00E+00  0.00E+00  0.00E+00  0.00E+00  0.00E+00
03/01/2016 01:20:15  0.00E+00  0.00E+00  0.00E+00  0.00E+00  0.00E+00  0.00E+00  0.00E+00  0.00E+00  0.00E+00  0.00E+00  0.00E+00  0.00E+00  0.00E+00  0.00E+00  0.00E+00
05/08/2016 00:00:00  0.00E+00  0.00E+00  0.00E+00  0.00E+00  0.00E+00  0.00E+00  0.00E+00  0.00E+00  0.00E+00  0.00E+00  0.00E+00  0.00E+00  0.00E+00  0.00E+00  0.00E+00
05/08/2016 00:14:40  1.76E-04  6.53E-09  2.65E-09  2.65E-09  3.69E-08  0.00E+00  0.00E+00  0.00E+00  0.00E+00  0.00E+00  0.00E+00  0.00E+00  0.00E+00  0.00E+00  0.00E+00
05/08/2016 00:16:13  1.94E-04  7.39E-09  2.99E-09  2.99E-09  4.18E-08  0.00E+00  0.00E+00  0.00E+00  0.00E+00  0.00E+00  0.00E+00  0.00E+00  0.00E+00  0.00E+00  0.00E+00
05/08/2016 00:29:20  3.52E-04  1.81E-08  7.34E-09  7.34E-09  1.02E-07  0.00E+00  0.00E+00  0.00E+00  0.00E+00  0.00E+00  0.00E+00  0.00E+00  0.00E+00  0.00E+00  0.00E+00
05/08/2016 00:32:26  3.65E-04  1.94E-08  7.92E-09  7.92E-09  1.09E-07  0.00E+00  0.00E+00  0.00E+00  0.00E+00  0.00E+00  0.00E+00  0.00E+00  0.00E+00  0.00E+00  0.00E+00
05/08/2016 00:53:47  2.11E-04  8.98E-09  3.68E-09  3.68E-09  5.05E-08  0.00E+00  0.00E+00  0.00E+00  0.00E+00  0.00E+00  0.00E+00  0.00E+00  0.00E+00  0.00E+00  0.00E+00
05/08/2016 00:59:28  1.70E-04  6.57E-09  2.69E-09  2.69E-09  3.70E-08  0.00E+00  0.00E+00  0.00E+00  0.00E+00  0.00E+00  0.00E+00  0.00E+00  0.00E+00  0.00E+00  0.00E+00
05/08/2016 01:18:13  3.52E-05  1.56E-09  6.55E-10  6.55E-10  8.69E-09  0.00E+00  0.00E+00  0.00E+00  0.00E+00  0.00E+00  0.00E+00  0.00E+00  0.00E+00  0.00E+00  0.00E+00
05/08/2016 01:26:29  0.00E+00  0.00E+00  0.00E+00  0.00E+00  0.00E+00  0.00E+00  0.00E+00  0.00E+00  0.00E+00  0.00E+00  0.00E+00  0.00E+00  0.00E+00  0.00E+00  0.00E+00
05/14/2016 00:00:00  0.00E+00  0.00E+00  0.00E+00  0.00E+00  0.00E+00  0.00E+00  0.00E+00  0.00E+00  0.00E+00  0.00E+00  0.00E+00  0.00E+00  0.00E+00  0.00E+00  0.00E+00
05/14/2016 00:13:45  3.95E-04  2.36E-08  9.17E-09  9.17E-09  2.03E-07  0.00E+00  0.00E+00  0.00E+00  0.00E+00  0.00E+00  0.00E+00  0.00E+00  0.00E+00  0.00E+00  0.00E+00
05/14/2016 00:15:04  4.33E-04  2.64E-08  1.02E-08  1.02E-08  2.27E-07  0.00E+00  0.00E+00  0.00E+00  0.00E+00  0.00E+00  0.00E+00  0.00E+00  0.00E+00  0.00E+00  0.00E+00
05/14/2016 00:27:31  7.91E-04  6.55E-08  2.54E-08  2.54E-08  5.63E-07  0.00E+00  0.00E+00  0.00E+00  0.00E+00  0.00E+00  0.00E+00  0.00E+00  0.00E+00  0.00E+00  0.00E+00
05/14/2016 00:30:09  8.18E-04  7.03E-08  2.73E-08  2.73E-08  6.00E-07  0.00E+00  0.00E+00  0.00E+00  0.00E+00  0.00E+00  0.00E+00  0.00E+00  0.00E+00  0.00E+00  0.00E+00
05/14/2016 00:50:27  4.68E-04  3.20E-08  1.24E-08  1.24E-08  2.72E-07  0.00E+00  0.00E+00  0.00E+00  0.00E+00  0.00E+00  0.00E+00  0.00E+00  0.00E+00  0.00E+00  0.00E+00
05/14/2016 00:55:17  3.84E-04  2.40E-08  9.29E-09  9.29E-09  2.04E-07  0.00E+00  0.00E+00  0.00E+00  0.00E+00  0.00E+00  0.00E+00  0.00E+00  0.00E+00  0.00E+00  0.00E+00
05/14/2016 01:13:23  7.24E-05  5.31E-09  2.05E-09  2.05E-09  4.36E-08  0.00E+00  0.00E+00  0.00E+00  0.00E+00  0.00E+00  0.00E+00  0.00E+00  0.00E+00  0.00E+00  0.00E+00
05/14/2016 01:20:24  0.00E+00  0.00E+00  0.00E+00  0.00E+00  0.00E+00  0.00E+00  0.00E+00  0.00E+00  0.00E+00  0.00E+00  0.00E+00  0.00E+00  0.00E+00  0.00E+00  0.00E+00
09/15/2016 00:00:00  0.00E+00  0.00E+00  0.00E+00  0.00E+00  0.00E+00  0.00E+00  0.00E+00  0.00E+00  0.00E+00  0.00E+00  0.00E+00  0.00E+00  0.00E+00  0.00E+00  0.00E+00
09/15/2016 00:13:50  3.85E-04  2.74E-08  1.11E-08  1.11E-08  1.84E-07  0.00E+00  0.00E+00  0.00E+00  0.00E+00  0.00E+00  0.00E+00  0.00E+00  0.00E+00  0.00E+00  0.00E+00
09/15/2016 00:15:16  4.25E-04  3.09E-08  1.25E-08  1.25E-08  2.08E-07  0.00E+00  0.00E+00  0.00E+00  0.00E+00  0.00E+00  0.00E+00  0.00E+00  0.00E+00  0.00E+00  0.00E+00
09/15/2016 00:27:41  7.72E-04  7.59E-08  3.07E-08  3.07E-08  5.10E-07  0.00E+00  0.00E+00  0.00E+00  0.00E+00  0.00E+00  0.00E+00  0.00E+00  0.00E+00  0.00E+00  0.00E+00
09/15/2016 00:30:33  7.99E-04  8.17E-08  3.31E-08  3.31E-08  5.45E-07  0.00E+00  0.00E+00  0.00E+00  0.00E+00  0.00E+00  0.00E+00  0.00E+00  0.00E+00  0.00E+00  0.00E+00
09/15/2016 00:50:45  4.61E-04  3.78E-08  1.54E-08  1.54E-08  2.50E-07  0.00E+00  0.00E+00  0.00E+00  0.00E+00  0.00E+00  0.00E+00  0.00E+00  0.00E+00  0.00E+00  0.00E+00
09/15/2016 00:56:01  3.73E-04  2.78E-08  1.13E-08  1.13E-08  1.84E-07  0.00E+00  0.00E+00  0.00E+00  0.00E+00  0.00E+00  0.00E+00  0.00E+00  0.00E+00  0.00E+00  0.00E+00
09/15/2016 01:13:49  7.63E-05  6.63E-09  2.73E-09  2.73E-09  4.25E-08  0.00E+00  0.00E+00  0.00E+00  0.00E+00  0.00E+00  0.00E+00  0.00E+00  0.00E+00  0.00E+00  0.00E+00
09/15/2016 01:21:30  0.00E+00  0.00E+00  0.00E+00  0.00E+00  0.00E+00  0.00E+00  0.00E+00  0.00E+00  0.00E+00  0.00E+00  0.00E+00  0.00E+00  0.00E+00  0.00E+00  0.00E+00
01/01/2017 09:00:00  0.00E+00  0.00E+00  0.00E+00  0.00E+00  0.00E+00  0.00E+00  0.00E+00  0.00E+00  0.00E+00  0.00E+00  0.00E+00  0.00E+00  0.00E+00  0.00E+00  0.00E+00
01/01/2017 09:15:00  0.00E+00  0.00E+00  0.00E+00  0.00E+00  0.00E+00  0.00E+00  0.00E+00  0.00E+00  0.00E+00  0.00E+00  0.00E+00  0.00E+00  0.00E+00  0.00E+00  0.00E+00
01/01/2017 09:15:00  0.00E+00  0.00E+00  0.00E+00  0.00E+00  0.00E+00  0.00E+00  0.00E+00  0.00E+00  0.00E+00  0.00E+00  0.00E+00  0.00E+00  0.00E+00  0.00E+00  0.00E+00
