! Inflow data file, combination of 247_Left.txt and 247_Right.txt
! Baseflow
      0.00
! Sediment Rating Curve
 0
! Time series of flow and sediment discharges
12/31/2003 15:00:00  0.00E+00  0.00E+00  0.00E+00  0.00E+00  0.00E+00  0.00E+00  0.00E+00  0.00E+00  0.00E+00  0.00E+00  0.00E+00  0.00E+00  0.00E+00  0.00E+00  0.00E+00
12/31/2003 15:15:00  0.00E+00  0.00E+00  0.00E+00  0.00E+00  0.00E+00  0.00E+00  0.00E+00  0.00E+00  0.00E+00  0.00E+00  0.00E+00  0.00E+00  0.00E+00  0.00E+00  0.00E+00
02/22/2004 00:00:00  0.00E+00  0.00E+00  0.00E+00  0.00E+00  0.00E+00  0.00E+00  0.00E+00  0.00E+00  0.00E+00  0.00E+00  0.00E+00  0.00E+00  0.00E+00  0.00E+00  0.00E+00
02/22/2004 00:14:54  3.19E-06  5.81E-13  2.22E-13  2.22E-13  4.83E-12  0.00E+00  0.00E+00  0.00E+00  0.00E+00  0.00E+00  0.00E+00  0.00E+00  0.00E+00  0.00E+00  0.00E+00
02/22/2004 00:15:40  3.36E-06  6.28E-13  2.40E-13  2.40E-13  5.22E-12  0.00E+00  0.00E+00  0.00E+00  0.00E+00  0.00E+00  0.00E+00  0.00E+00  0.00E+00  0.00E+00  0.00E+00
02/22/2004 00:29:48  6.39E-06  1.64E-12  6.25E-13  6.25E-13  1.36E-11  0.00E+00  0.00E+00  0.00E+00  0.00E+00  0.00E+00  0.00E+00  0.00E+00  0.00E+00  0.00E+00  0.00E+00
02/22/2004 00:31:21  6.41E-06  1.63E-12  6.22E-13  6.22E-13  1.35E-11  0.00E+00  0.00E+00  0.00E+00  0.00E+00  0.00E+00  0.00E+00  0.00E+00  0.00E+00  0.00E+00  0.00E+00
02/22/2004 00:54:39  3.41E-06  6.35E-13  2.42E-13  2.42E-13  5.24E-12  0.00E+00  0.00E+00  0.00E+00  0.00E+00  0.00E+00  0.00E+00  0.00E+00  0.00E+00  0.00E+00  0.00E+00
02/22/2004 00:57:29  3.04E-06  5.49E-13  2.09E-13  2.09E-13  4.54E-12  0.00E+00  0.00E+00  0.00E+00  0.00E+00  0.00E+00  0.00E+00  0.00E+00  0.00E+00  0.00E+00  0.00E+00
02/22/2004 01:19:29  2.14E-07  3.39E-14  1.26E-14  1.26E-14  2.60E-13  0.00E+00  0.00E+00  0.00E+00  0.00E+00  0.00E+00  0.00E+00  0.00E+00  0.00E+00  0.00E+00  0.00E+00
02/22/2004 01:23:36  0.00E+00  0.00E+00  0.00E+00  0.00E+00  0.00E+00  0.00E+00  0.00E+00  0.00E+00  0.00E+00  0.00E+00  0.00E+00  0.00E+00  0.00E+00  0.00E+00  0.00E+00
02/23/2004 00:00:00  0.00E+00  0.00E+00  0.00E+00  0.00E+00  0.00E+00  0.00E+00  0.00E+00  0.00E+00  0.00E+00  0.00E+00  0.00E+00  0.00E+00  0.00E+00  0.00E+00  0.00E+00
02/23/2004 01:20:37  1.08E-07  6.61E-16  2.48E-16  2.48E-16  5.32E-15  0.00E+00  0.00E+00  0.00E+00  0.00E+00  0.00E+00  0.00E+00  0.00E+00  0.00E+00  0.00E+00  0.00E+00
02/23/2004 01:20:56  1.09E-07  6.65E-16  2.50E-16  2.50E-16  5.35E-15  0.00E+00  0.00E+00  0.00E+00  0.00E+00  0.00E+00  0.00E+00  0.00E+00  0.00E+00  0.00E+00  0.00E+00
02/23/2004 02:41:15  2.17E-07  1.87E-15  7.01E-16  7.01E-16  1.51E-14  0.00E+00  0.00E+00  0.00E+00  0.00E+00  0.00E+00  0.00E+00  0.00E+00  0.00E+00  0.00E+00  0.00E+00
02/23/2004 02:41:53  2.17E-07  1.87E-15  7.01E-16  7.01E-16  1.51E-14  0.00E+00  0.00E+00  0.00E+00  0.00E+00  0.00E+00  0.00E+00  0.00E+00  0.00E+00  0.00E+00  0.00E+00
02/23/2004 04:55:39  1.09E-07  6.66E-16  2.50E-16  2.50E-16  5.36E-15  0.00E+00  0.00E+00  0.00E+00  0.00E+00  0.00E+00  0.00E+00  0.00E+00  0.00E+00  0.00E+00  0.00E+00
02/23/2004 04:56:47  1.08E-07  6.59E-16  2.47E-16  2.47E-16  5.30E-15  0.00E+00  0.00E+00  0.00E+00  0.00E+00  0.00E+00  0.00E+00  0.00E+00  0.00E+00  0.00E+00  0.00E+00
02/23/2004 07:10:02  5.69E-10  3.13E-18  1.05E-18  1.05E-18  2.35E-17  0.00E+00  0.00E+00  0.00E+00  0.00E+00  0.00E+00  0.00E+00  0.00E+00  0.00E+00  0.00E+00  0.00E+00
02/23/2004 07:11:41  0.00E+00  0.00E+00  0.00E+00  0.00E+00  0.00E+00  0.00E+00  0.00E+00  0.00E+00  0.00E+00  0.00E+00  0.00E+00  0.00E+00  0.00E+00  0.00E+00  0.00E+00
02/26/2004 00:00:00  0.00E+00  0.00E+00  0.00E+00  0.00E+00  0.00E+00  0.00E+00  0.00E+00  0.00E+00  0.00E+00  0.00E+00  0.00E+00  0.00E+00  0.00E+00  0.00E+00  0.00E+00
02/26/2004 00:40:44  2.64E-07  4.25E-15  1.42E-15  1.42E-15  3.21E-14  0.00E+00  0.00E+00  0.00E+00  0.00E+00  0.00E+00  0.00E+00  0.00E+00  0.00E+00  0.00E+00  0.00E+00
02/26/2004 00:41:44  2.71E-07  4.41E-15  1.47E-15  1.47E-15  3.34E-14  0.00E+00  0.00E+00  0.00E+00  0.00E+00  0.00E+00  0.00E+00  0.00E+00  0.00E+00  0.00E+00  0.00E+00
02/26/2004 01:21:28  5.29E-07  1.20E-14  4.00E-15  4.00E-15  9.06E-14  0.00E+00  0.00E+00  0.00E+00  0.00E+00  0.00E+00  0.00E+00  0.00E+00  0.00E+00  0.00E+00  0.00E+00
02/26/2004 01:23:28  5.29E-07  1.20E-14  4.00E-15  4.00E-15  9.05E-14  0.00E+00  0.00E+00  0.00E+00  0.00E+00  0.00E+00  0.00E+00  0.00E+00  0.00E+00  0.00E+00  0.00E+00
02/26/2004 02:29:21  2.73E-07  4.45E-15  1.48E-15  1.48E-15  3.35E-14  0.00E+00  0.00E+00  0.00E+00  0.00E+00  0.00E+00  0.00E+00  0.00E+00  0.00E+00  0.00E+00  0.00E+00
02/26/2004 02:33:02  2.59E-07  4.15E-15  1.38E-15  1.38E-15  3.12E-14  0.00E+00  0.00E+00  0.00E+00  0.00E+00  0.00E+00  0.00E+00  0.00E+00  0.00E+00  0.00E+00  0.00E+00
02/26/2004 03:37:14  8.77E-09  1.29E-16  4.32E-17  4.32E-17  8.62E-16  0.00E+00  0.00E+00  0.00E+00  0.00E+00  0.00E+00  0.00E+00  0.00E+00  0.00E+00  0.00E+00  0.00E+00
02/26/2004 03:42:35  0.00E+00  0.00E+00  0.00E+00  0.00E+00  0.00E+00  0.00E+00  0.00E+00  0.00E+00  0.00E+00  0.00E+00  0.00E+00  0.00E+00  0.00E+00  0.00E+00  0.00E+00
10/18/2004 00:00:00  0.00E+00  0.00E+00  0.00E+00  0.00E+00  0.00E+00  0.00E+00  0.00E+00  0.00E+00  0.00E+00  0.00E+00  0.00E+00  0.00E+00  0.00E+00  0.00E+00  0.00E+00
10/18/2004 03:06:58  5.54E-08  1.59E-16  6.15E-17  6.15E-17  1.42E-15  0.00E+00  0.00E+00  0.00E+00  0.00E+00  0.00E+00  0.00E+00  0.00E+00  0.00E+00  0.00E+00  0.00E+00
10/18/2004 03:07:41  5.56E-08  1.60E-16  6.19E-17  6.19E-17  1.43E-15  0.00E+00  0.00E+00  0.00E+00  0.00E+00  0.00E+00  0.00E+00  0.00E+00  0.00E+00  0.00E+00  0.00E+00
10/18/2004 06:13:56  1.11E-07  4.51E-16  1.74E-16  1.74E-16  4.01E-15  0.00E+00  0.00E+00  0.00E+00  0.00E+00  0.00E+00  0.00E+00  0.00E+00  0.00E+00  0.00E+00  0.00E+00
10/18/2004 06:15:23  1.11E-07  4.51E-16  1.74E-16  1.74E-16  4.01E-15  0.00E+00  0.00E+00  0.00E+00  0.00E+00  0.00E+00  0.00E+00  0.00E+00  0.00E+00  0.00E+00  0.00E+00
10/18/2004 11:25:33  5.57E-08  1.61E-16  6.19E-17  6.19E-17  1.43E-15  0.00E+00  0.00E+00  0.00E+00  0.00E+00  0.00E+00  0.00E+00  0.00E+00  0.00E+00  0.00E+00  0.00E+00
10/18/2004 11:28:13  5.52E-08  1.59E-16  6.13E-17  6.13E-17  1.41E-15  0.00E+00  0.00E+00  0.00E+00  0.00E+00  0.00E+00  0.00E+00  0.00E+00  0.00E+00  0.00E+00  0.00E+00
10/18/2004 16:37:11  2.95E-10  7.42E-19  2.73E-19  2.73E-19  6.37E-18  0.00E+00  0.00E+00  0.00E+00  0.00E+00  0.00E+00  0.00E+00  0.00E+00  0.00E+00  0.00E+00  0.00E+00
10/18/2004 16:41:03  0.00E+00  0.00E+00  0.00E+00  0.00E+00  0.00E+00  0.00E+00  0.00E+00  0.00E+00  0.00E+00  0.00E+00  0.00E+00  0.00E+00  0.00E+00  0.00E+00  0.00E+00
10/28/2004 00:00:00  0.00E+00  0.00E+00  0.00E+00  0.00E+00  0.00E+00  0.00E+00  0.00E+00  0.00E+00  0.00E+00  0.00E+00  0.00E+00  0.00E+00  0.00E+00  0.00E+00  0.00E+00
10/28/2004 01:38:43  4.19E-09  9.18E-19  3.52E-19  3.52E-19  8.29E-18  0.00E+00  0.00E+00  0.00E+00  0.00E+00  0.00E+00  0.00E+00  0.00E+00  0.00E+00  0.00E+00  0.00E+00
10/28/2004 01:43:30  4.39E-09  9.79E-19  3.74E-19  3.74E-19  8.83E-18  0.00E+00  0.00E+00  0.00E+00  0.00E+00  0.00E+00  0.00E+00  0.00E+00  0.00E+00  0.00E+00  0.00E+00
10/28/2004 03:17:27  8.40E-09  2.58E-18  9.88E-19  9.88E-19  2.33E-17  0.00E+00  0.00E+00  0.00E+00  0.00E+00  0.00E+00  0.00E+00  0.00E+00  0.00E+00  0.00E+00  0.00E+00
10/28/2004 03:27:00  8.51E-09  2.63E-18  1.01E-18  1.01E-18  2.38E-17  0.00E+00  0.00E+00  0.00E+00  0.00E+00  0.00E+00  0.00E+00  0.00E+00  0.00E+00  0.00E+00  0.00E+00
10/28/2004 06:02:00  4.54E-09  1.05E-18  4.07E-19  4.07E-19  9.49E-18  0.00E+00  0.00E+00  0.00E+00  0.00E+00  0.00E+00  0.00E+00  0.00E+00  0.00E+00  0.00E+00  0.00E+00
10/28/2004 06:19:30  4.10E-09  9.03E-19  3.49E-19  3.49E-19  8.18E-18  0.00E+00  0.00E+00  0.00E+00  0.00E+00  0.00E+00  0.00E+00  0.00E+00  0.00E+00  0.00E+00  0.00E+00
10/28/2004 08:46:33  3.53E-10  8.22E-20  3.45E-20  3.45E-20  7.68E-19  0.00E+00  0.00E+00  0.00E+00  0.00E+00  0.00E+00  0.00E+00  0.00E+00  0.00E+00  0.00E+00  0.00E+00
10/28/2004 09:12:01  0.00E+00  0.00E+00  0.00E+00  0.00E+00  0.00E+00  0.00E+00  0.00E+00  0.00E+00  0.00E+00  0.00E+00  0.00E+00  0.00E+00  0.00E+00  0.00E+00  0.00E+00
11/21/2004 00:00:00  0.00E+00  0.00E+00  0.00E+00  0.00E+00  0.00E+00  0.00E+00  0.00E+00  0.00E+00  0.00E+00  0.00E+00  0.00E+00  0.00E+00  0.00E+00  0.00E+00  0.00E+00
11/21/2004 00:14:28  6.66E-06  2.62E-12  1.02E-12  1.02E-12  2.19E-11  0.00E+00  0.00E+00  0.00E+00  0.00E+00  0.00E+00  0.00E+00  0.00E+00  0.00E+00  0.00E+00  0.00E+00
11/21/2004 00:17:48  8.19E-06  3.49E-12  1.35E-12  1.35E-12  2.92E-11  0.00E+00  0.00E+00  0.00E+00  0.00E+00  0.00E+00  0.00E+00  0.00E+00  0.00E+00  0.00E+00  0.00E+00
11/21/2004 00:28:56  1.33E-05  7.17E-12  2.79E-12  2.79E-12  6.00E-11  0.00E+00  0.00E+00  0.00E+00  0.00E+00  0.00E+00  0.00E+00  0.00E+00  0.00E+00  0.00E+00  0.00E+00
11/21/2004 00:35:37  1.37E-05  7.54E-12  2.92E-12  2.92E-12  6.33E-11  0.00E+00  0.00E+00  0.00E+00  0.00E+00  0.00E+00  0.00E+00  0.00E+00  0.00E+00  0.00E+00  0.00E+00
11/21/2004 00:53:03  8.94E-06  4.07E-12  1.57E-12  1.57E-12  3.43E-11  0.00E+00  0.00E+00  0.00E+00  0.00E+00  0.00E+00  0.00E+00  0.00E+00  0.00E+00  0.00E+00  0.00E+00
11/21/2004 01:05:18  5.56E-06  2.21E-12  8.55E-13  8.55E-13  1.87E-11  0.00E+00  0.00E+00  0.00E+00  0.00E+00  0.00E+00  0.00E+00  0.00E+00  0.00E+00  0.00E+00  0.00E+00
11/21/2004 01:17:10  2.29E-06  9.25E-13  3.55E-13  3.55E-13  7.87E-12  0.00E+00  0.00E+00  0.00E+00  0.00E+00  0.00E+00  0.00E+00  0.00E+00  0.00E+00  0.00E+00  0.00E+00
11/21/2004 01:35:00  0.00E+00  0.00E+00  0.00E+00  0.00E+00  0.00E+00  0.00E+00  0.00E+00  0.00E+00  0.00E+00  0.00E+00  0.00E+00  0.00E+00  0.00E+00  0.00E+00  0.00E+00
01/04/2005 00:00:00  0.00E+00  0.00E+00  0.00E+00  0.00E+00  0.00E+00  0.00E+00  0.00E+00  0.00E+00  0.00E+00  0.00E+00  0.00E+00  0.00E+00  0.00E+00  0.00E+00  0.00E+00
01/04/2005 02:48:47  6.02E-08  1.80E-16  7.15E-17  7.15E-17  1.68E-15  0.00E+00  0.00E+00  0.00E+00  0.00E+00  0.00E+00  0.00E+00  0.00E+00  0.00E+00  0.00E+00  0.00E+00
01/04/2005 02:49:07  6.04E-08  1.81E-16  7.17E-17  7.17E-17  1.69E-15  0.00E+00  0.00E+00  0.00E+00  0.00E+00  0.00E+00  0.00E+00  0.00E+00  0.00E+00  0.00E+00  0.00E+00
01/04/2005 05:37:35  1.21E-07  5.11E-16  2.02E-16  2.02E-16  4.77E-15  0.00E+00  0.00E+00  0.00E+00  0.00E+00  0.00E+00  0.00E+00  0.00E+00  0.00E+00  0.00E+00  0.00E+00
01/04/2005 05:38:15  1.21E-07  5.12E-16  2.03E-16  2.03E-16  4.78E-15  0.00E+00  0.00E+00  0.00E+00  0.00E+00  0.00E+00  0.00E+00  0.00E+00  0.00E+00  0.00E+00  0.00E+00
01/04/2005 10:18:55  6.04E-08  1.82E-16  7.20E-17  7.20E-17  1.69E-15  0.00E+00  0.00E+00  0.00E+00  0.00E+00  0.00E+00  0.00E+00  0.00E+00  0.00E+00  0.00E+00  0.00E+00
01/04/2005 10:20:07  6.02E-08  1.80E-16  7.15E-17  7.15E-17  1.68E-15  0.00E+00  0.00E+00  0.00E+00  0.00E+00  0.00E+00  0.00E+00  0.00E+00  0.00E+00  0.00E+00  0.00E+00
01/04/2005 15:00:14  2.14E-10  7.27E-19  2.92E-19  2.92E-19  6.64E-18  0.00E+00  0.00E+00  0.00E+00  0.00E+00  0.00E+00  0.00E+00  0.00E+00  0.00E+00  0.00E+00  0.00E+00
01/04/2005 15:02:00  0.00E+00  0.00E+00  0.00E+00  0.00E+00  0.00E+00  0.00E+00  0.00E+00  0.00E+00  0.00E+00  0.00E+00  0.00E+00  0.00E+00  0.00E+00  0.00E+00  0.00E+00
01/11/2005 00:00:00  0.00E+00  0.00E+00  0.00E+00  0.00E+00  0.00E+00  0.00E+00  0.00E+00  0.00E+00  0.00E+00  0.00E+00  0.00E+00  0.00E+00  0.00E+00  0.00E+00  0.00E+00
01/11/2005 00:40:06  4.01E-07  9.16E-15  3.41E-15  3.41E-15  7.38E-14  0.00E+00  0.00E+00  0.00E+00  0.00E+00  0.00E+00  0.00E+00  0.00E+00  0.00E+00  0.00E+00  0.00E+00
01/11/2005 00:41:00  4.10E-07  9.44E-15  3.51E-15  3.51E-15  7.59E-14  0.00E+00  0.00E+00  0.00E+00  0.00E+00  0.00E+00  0.00E+00  0.00E+00  0.00E+00  0.00E+00  0.00E+00
01/11/2005 01:20:12  8.02E-07  2.58E-14  9.60E-15  9.60E-15  2.08E-13  0.00E+00  0.00E+00  0.00E+00  0.00E+00  0.00E+00  0.00E+00  0.00E+00  0.00E+00  0.00E+00  0.00E+00
01/11/2005 01:22:00  8.07E-07  2.60E-14  9.71E-15  9.71E-15  2.11E-13  0.00E+00  0.00E+00  0.00E+00  0.00E+00  0.00E+00  0.00E+00  0.00E+00  0.00E+00  0.00E+00  0.00E+00
01/11/2005 02:27:02  4.17E-07  9.76E-15  3.65E-15  3.65E-15  7.90E-14  0.00E+00  0.00E+00  0.00E+00  0.00E+00  0.00E+00  0.00E+00  0.00E+00  0.00E+00  0.00E+00  0.00E+00
01/11/2005 02:30:21  3.97E-07  9.09E-15  3.40E-15  3.40E-15  7.34E-14  0.00E+00  0.00E+00  0.00E+00  0.00E+00  0.00E+00  0.00E+00  0.00E+00  0.00E+00  0.00E+00  0.00E+00
01/11/2005 03:33:52  1.61E-08  3.84E-16  1.54E-16  1.54E-16  3.31E-15  0.00E+00  0.00E+00  0.00E+00  0.00E+00  0.00E+00  0.00E+00  0.00E+00  0.00E+00  0.00E+00  0.00E+00
01/11/2005 03:38:41  0.00E+00  0.00E+00  0.00E+00  0.00E+00  0.00E+00  0.00E+00  0.00E+00  0.00E+00  0.00E+00  0.00E+00  0.00E+00  0.00E+00  0.00E+00  0.00E+00  0.00E+00
02/11/2005 00:00:00  0.00E+00  0.00E+00  0.00E+00  0.00E+00  0.00E+00  0.00E+00  0.00E+00  0.00E+00  0.00E+00  0.00E+00  0.00E+00  0.00E+00  0.00E+00  0.00E+00  0.00E+00
02/11/2005 02:37:48  6.20E-08  2.01E-16  7.94E-17  7.94E-17  1.77E-15  0.00E+00  0.00E+00  0.00E+00  0.00E+00  0.00E+00  0.00E+00  0.00E+00  0.00E+00  0.00E+00  0.00E+00
02/11/2005 05:15:36  1.24E-07  5.67E-16  2.24E-16  2.24E-16  5.00E-15  0.00E+00  0.00E+00  0.00E+00  0.00E+00  0.00E+00  0.00E+00  0.00E+00  0.00E+00  0.00E+00  0.00E+00
02/11/2005 05:15:53  1.24E-07  5.67E-16  2.24E-16  2.24E-16  5.00E-15  0.00E+00  0.00E+00  0.00E+00  0.00E+00  0.00E+00  0.00E+00  0.00E+00  0.00E+00  0.00E+00  0.00E+00
02/11/2005 09:38:36  6.21E-08  2.01E-16  7.96E-17  7.96E-17  1.77E-15  0.00E+00  0.00E+00  0.00E+00  0.00E+00  0.00E+00  0.00E+00  0.00E+00  0.00E+00  0.00E+00  0.00E+00
02/11/2005 09:39:07  6.19E-08  2.00E-16  7.93E-17  7.93E-17  1.77E-15  0.00E+00  0.00E+00  0.00E+00  0.00E+00  0.00E+00  0.00E+00  0.00E+00  0.00E+00  0.00E+00  0.00E+00
02/11/2005 14:01:36  1.02E-10  3.64E-19  1.43E-19  1.43E-19  3.26E-18  0.00E+00  0.00E+00  0.00E+00  0.00E+00  0.00E+00  0.00E+00  0.00E+00  0.00E+00  0.00E+00  0.00E+00
02/11/2005 14:02:22  0.00E+00  0.00E+00  0.00E+00  0.00E+00  0.00E+00  0.00E+00  0.00E+00  0.00E+00  0.00E+00  0.00E+00  0.00E+00  0.00E+00  0.00E+00  0.00E+00  0.00E+00
02/12/2005 00:00:00  0.00E+00  0.00E+00  0.00E+00  0.00E+00  0.00E+00  0.00E+00  0.00E+00  0.00E+00  0.00E+00  0.00E+00  0.00E+00  0.00E+00  0.00E+00  0.00E+00  0.00E+00
02/12/2005 02:57:04  7.24E-09  3.05E-18  1.02E-18  1.02E-18  2.39E-17  0.00E+00  0.00E+00  0.00E+00  0.00E+00  0.00E+00  0.00E+00  0.00E+00  0.00E+00  0.00E+00  0.00E+00
02/12/2005 02:58:09  7.28E-09  3.07E-18  1.02E-18  1.02E-18  2.41E-17  0.00E+00  0.00E+00  0.00E+00  0.00E+00  0.00E+00  0.00E+00  0.00E+00  0.00E+00  0.00E+00  0.00E+00
02/12/2005 05:54:08  1.45E-08  8.61E-18  2.87E-18  2.87E-18  6.74E-17  0.00E+00  0.00E+00  0.00E+00  0.00E+00  0.00E+00  0.00E+00  0.00E+00  0.00E+00  0.00E+00  0.00E+00
02/12/2005 05:56:18  1.45E-08  8.63E-18  2.87E-18  2.87E-18  6.76E-17  0.00E+00  0.00E+00  0.00E+00  0.00E+00  0.00E+00  0.00E+00  0.00E+00  0.00E+00  0.00E+00  0.00E+00
02/12/2005 10:49:15  7.31E-09  3.10E-18  1.03E-18  1.03E-18  2.43E-17  0.00E+00  0.00E+00  0.00E+00  0.00E+00  0.00E+00  0.00E+00  0.00E+00  0.00E+00  0.00E+00  0.00E+00
02/12/2005 10:53:13  7.22E-09  3.04E-18  1.01E-18  1.01E-18  2.39E-17  0.00E+00  0.00E+00  0.00E+00  0.00E+00  0.00E+00  0.00E+00  0.00E+00  0.00E+00  0.00E+00  0.00E+00
02/12/2005 15:44:22  7.95E-11  3.53E-20  1.17E-20  1.17E-20  2.94E-19  0.00E+00  0.00E+00  0.00E+00  0.00E+00  0.00E+00  0.00E+00  0.00E+00  0.00E+00  0.00E+00  0.00E+00
02/12/2005 15:50:09  0.00E+00  0.00E+00  0.00E+00  0.00E+00  0.00E+00  0.00E+00  0.00E+00  0.00E+00  0.00E+00  0.00E+00  0.00E+00  0.00E+00  0.00E+00  0.00E+00  0.00E+00
02/18/2005 00:00:00  0.00E+00  0.00E+00  0.00E+00  0.00E+00  0.00E+00  0.00E+00  0.00E+00  0.00E+00  0.00E+00  0.00E+00  0.00E+00  0.00E+00  0.00E+00  0.00E+00  0.00E+00
02/18/2005 02:54:17  7.10E-09  2.20E-18  1.04E-18  1.04E-18  2.36E-17  0.00E+00  0.00E+00  0.00E+00  0.00E+00  0.00E+00  0.00E+00  0.00E+00  0.00E+00  0.00E+00  0.00E+00
02/18/2005 05:48:35  1.42E-08  6.23E-18  2.93E-18  2.93E-18  6.68E-17  0.00E+00  0.00E+00  0.00E+00  0.00E+00  0.00E+00  0.00E+00  0.00E+00  0.00E+00  0.00E+00  0.00E+00
02/18/2005 05:48:48  1.42E-08  6.23E-18  2.93E-18  2.93E-18  6.68E-17  0.00E+00  0.00E+00  0.00E+00  0.00E+00  0.00E+00  0.00E+00  0.00E+00  0.00E+00  0.00E+00  0.00E+00
02/18/2005 10:39:04  7.11E-09  2.21E-18  1.04E-18  1.04E-18  2.36E-17  0.00E+00  0.00E+00  0.00E+00  0.00E+00  0.00E+00  0.00E+00  0.00E+00  0.00E+00  0.00E+00  0.00E+00
02/18/2005 10:39:29  7.10E-09  2.20E-18  1.04E-18  1.04E-18  2.36E-17  0.00E+00  0.00E+00  0.00E+00  0.00E+00  0.00E+00  0.00E+00  0.00E+00  0.00E+00  0.00E+00  0.00E+00
02/18/2005 15:29:33  8.26E-12  3.03E-21  1.28E-21  1.28E-21  3.03E-20  0.00E+00  0.00E+00  0.00E+00  0.00E+00  0.00E+00  0.00E+00  0.00E+00  0.00E+00  0.00E+00  0.00E+00
02/18/2005 15:30:09  0.00E+00  0.00E+00  0.00E+00  0.00E+00  0.00E+00  0.00E+00  0.00E+00  0.00E+00  0.00E+00  0.00E+00  0.00E+00  0.00E+00  0.00E+00  0.00E+00  0.00E+00
02/21/2005 00:00:00  0.00E+00  0.00E+00  0.00E+00  0.00E+00  0.00E+00  0.00E+00  0.00E+00  0.00E+00  0.00E+00  0.00E+00  0.00E+00  0.00E+00  0.00E+00  0.00E+00  0.00E+00
02/21/2005 00:11:07  1.34E-05  1.08E-11  4.21E-12  4.21E-12  9.18E-11  0.00E+00  0.00E+00  0.00E+00  0.00E+00  0.00E+00  0.00E+00  0.00E+00  0.00E+00  0.00E+00  0.00E+00
02/21/2005 00:14:41  1.77E-05  1.59E-11  6.20E-12  6.20E-12  1.35E-10  0.00E+00  0.00E+00  0.00E+00  0.00E+00  0.00E+00  0.00E+00  0.00E+00  0.00E+00  0.00E+00  0.00E+00
02/21/2005 00:22:14  2.67E-05  2.94E-11  1.14E-11  1.14E-11  2.49E-10  0.00E+00  0.00E+00  0.00E+00  0.00E+00  0.00E+00  0.00E+00  0.00E+00  0.00E+00  0.00E+00  0.00E+00
02/21/2005 00:29:22  2.75E-05  3.04E-11  1.18E-11  1.18E-11  2.59E-10  0.00E+00  0.00E+00  0.00E+00  0.00E+00  0.00E+00  0.00E+00  0.00E+00  0.00E+00  0.00E+00  0.00E+00
02/21/2005 00:40:47  1.93E-05  1.82E-11  7.09E-12  7.09E-12  1.56E-10  0.00E+00  0.00E+00  0.00E+00  0.00E+00  0.00E+00  0.00E+00  0.00E+00  0.00E+00  0.00E+00  0.00E+00
02/21/2005 00:53:51  9.87E-06  7.91E-12  3.07E-12  3.07E-12  6.78E-11  0.00E+00  0.00E+00  0.00E+00  0.00E+00  0.00E+00  0.00E+00  0.00E+00  0.00E+00  0.00E+00  0.00E+00
02/21/2005 00:59:19  5.92E-06  4.72E-12  1.83E-12  1.83E-12  4.07E-11  0.00E+00  0.00E+00  0.00E+00  0.00E+00  0.00E+00  0.00E+00  0.00E+00  0.00E+00  0.00E+00  0.00E+00
02/21/2005 01:18:19  0.00E+00  0.00E+00  0.00E+00  0.00E+00  0.00E+00  0.00E+00  0.00E+00  0.00E+00  0.00E+00  0.00E+00  0.00E+00  0.00E+00  0.00E+00  0.00E+00  0.00E+00
02/22/2005 00:00:00  0.00E+00  0.00E+00  0.00E+00  0.00E+00  0.00E+00  0.00E+00  0.00E+00  0.00E+00  0.00E+00  0.00E+00  0.00E+00  0.00E+00  0.00E+00  0.00E+00  0.00E+00
02/22/2005 01:39:14  5.85E-08  1.95E-16  6.52E-17  6.52E-17  1.73E-15  0.00E+00  0.00E+00  0.00E+00  0.00E+00  0.00E+00  0.00E+00  0.00E+00  0.00E+00  0.00E+00  0.00E+00
02/22/2005 02:02:51  7.24E-08  2.60E-16  8.68E-17  8.68E-17  2.32E-15  0.00E+00  0.00E+00  0.00E+00  0.00E+00  0.00E+00  0.00E+00  0.00E+00  0.00E+00  0.00E+00  0.00E+00
02/22/2005 03:18:29  1.17E-07  5.33E-16  1.78E-16  1.78E-16  4.73E-15  0.00E+00  0.00E+00  0.00E+00  0.00E+00  0.00E+00  0.00E+00  0.00E+00  0.00E+00  0.00E+00  0.00E+00
02/22/2005 04:05:42  1.21E-07  5.75E-16  1.92E-16  1.92E-16  4.95E-15  0.00E+00  0.00E+00  0.00E+00  0.00E+00  0.00E+00  0.00E+00  0.00E+00  0.00E+00  0.00E+00  0.00E+00
02/22/2005 06:03:53  7.90E-08  3.19E-16  1.07E-16  1.07E-16  2.69E-15  0.00E+00  0.00E+00  0.00E+00  0.00E+00  0.00E+00  0.00E+00  0.00E+00  0.00E+00  0.00E+00  0.00E+00
02/22/2005 07:30:28  4.84E-08  1.72E-16  5.73E-17  5.73E-17  1.43E-15  0.00E+00  0.00E+00  0.00E+00  0.00E+00  0.00E+00  0.00E+00  0.00E+00  0.00E+00  0.00E+00  0.00E+00
02/22/2005 08:49:17  2.05E-08  7.87E-17  2.63E-17  2.63E-17  6.13E-16  0.00E+00  0.00E+00  0.00E+00  0.00E+00  0.00E+00  0.00E+00  0.00E+00  0.00E+00  0.00E+00  0.00E+00
02/22/2005 10:55:14  0.00E+00  0.00E+00  0.00E+00  0.00E+00  0.00E+00  0.00E+00  0.00E+00  0.00E+00  0.00E+00  0.00E+00  0.00E+00  0.00E+00  0.00E+00  0.00E+00  0.00E+00
02/23/2005 00:00:00  0.00E+00  0.00E+00  0.00E+00  0.00E+00  0.00E+00  0.00E+00  0.00E+00  0.00E+00  0.00E+00  0.00E+00  0.00E+00  0.00E+00  0.00E+00  0.00E+00  0.00E+00
02/23/2005 00:10:42  1.81E-05  1.91E-11  7.37E-12  7.37E-12  1.64E-10  0.00E+00  0.00E+00  0.00E+00  0.00E+00  0.00E+00  0.00E+00  0.00E+00  0.00E+00  0.00E+00  0.00E+00
02/23/2005 00:12:09  2.06E-05  2.32E-11  8.96E-12  8.96E-12  1.99E-10  0.00E+00  0.00E+00  0.00E+00  0.00E+00  0.00E+00  0.00E+00  0.00E+00  0.00E+00  0.00E+00  0.00E+00
02/23/2005 00:21:25  3.63E-05  5.34E-11  2.06E-11  2.06E-11  4.58E-10  0.00E+00  0.00E+00  0.00E+00  0.00E+00  0.00E+00  0.00E+00  0.00E+00  0.00E+00  0.00E+00  0.00E+00
02/23/2005 00:24:18  3.62E-05  5.21E-11  2.02E-11  2.02E-11  4.46E-10  0.00E+00  0.00E+00  0.00E+00  0.00E+00  0.00E+00  0.00E+00  0.00E+00  0.00E+00  0.00E+00  0.00E+00
02/23/2005 00:39:15  2.10E-05  2.28E-11  8.83E-12  8.83E-12  1.95E-10  0.00E+00  0.00E+00  0.00E+00  0.00E+00  0.00E+00  0.00E+00  0.00E+00  0.00E+00  0.00E+00  0.00E+00
02/23/2005 00:44:34  1.56E-05  1.58E-11  6.11E-12  6.11E-12  1.35E-10  0.00E+00  0.00E+00  0.00E+00  0.00E+00  0.00E+00  0.00E+00  0.00E+00  0.00E+00  0.00E+00  0.00E+00
02/23/2005 00:57:06  2.90E-06  2.38E-12  9.30E-13  9.30E-13  1.98E-11  0.00E+00  0.00E+00  0.00E+00  0.00E+00  0.00E+00  0.00E+00  0.00E+00  0.00E+00  0.00E+00  0.00E+00
02/23/2005 01:04:49  0.00E+00  0.00E+00  0.00E+00  0.00E+00  0.00E+00  0.00E+00  0.00E+00  0.00E+00  0.00E+00  0.00E+00  0.00E+00  0.00E+00  0.00E+00  0.00E+00  0.00E+00
03/05/2005 00:00:00  0.00E+00  0.00E+00  0.00E+00  0.00E+00  0.00E+00  0.00E+00  0.00E+00  0.00E+00  0.00E+00  0.00E+00  0.00E+00  0.00E+00  0.00E+00  0.00E+00  0.00E+00
03/05/2005 00:11:07  1.34E-05  1.09E-11  4.11E-12  4.11E-12  9.19E-11  0.00E+00  0.00E+00  0.00E+00  0.00E+00  0.00E+00  0.00E+00  0.00E+00  0.00E+00  0.00E+00  0.00E+00
03/05/2005 00:14:41  1.77E-05  1.61E-11  6.05E-12  6.05E-12  1.35E-10  0.00E+00  0.00E+00  0.00E+00  0.00E+00  0.00E+00  0.00E+00  0.00E+00  0.00E+00  0.00E+00  0.00E+00
03/05/2005 00:22:14  2.67E-05  2.97E-11  1.12E-11  1.12E-11  2.50E-10  0.00E+00  0.00E+00  0.00E+00  0.00E+00  0.00E+00  0.00E+00  0.00E+00  0.00E+00  0.00E+00  0.00E+00
03/05/2005 00:29:22  2.75E-05  3.07E-11  1.16E-11  1.16E-11  2.59E-10  0.00E+00  0.00E+00  0.00E+00  0.00E+00  0.00E+00  0.00E+00  0.00E+00  0.00E+00  0.00E+00  0.00E+00
03/05/2005 00:40:47  1.93E-05  1.84E-11  6.93E-12  6.93E-12  1.56E-10  0.00E+00  0.00E+00  0.00E+00  0.00E+00  0.00E+00  0.00E+00  0.00E+00  0.00E+00  0.00E+00  0.00E+00
03/05/2005 00:53:51  9.87E-06  7.98E-12  3.01E-12  3.01E-12  6.78E-11  0.00E+00  0.00E+00  0.00E+00  0.00E+00  0.00E+00  0.00E+00  0.00E+00  0.00E+00  0.00E+00  0.00E+00
03/05/2005 00:59:19  5.92E-06  4.76E-12  1.80E-12  1.80E-12  4.07E-11  0.00E+00  0.00E+00  0.00E+00  0.00E+00  0.00E+00  0.00E+00  0.00E+00  0.00E+00  0.00E+00  0.00E+00
03/05/2005 01:18:19  0.00E+00  0.00E+00  0.00E+00  0.00E+00  0.00E+00  0.00E+00  0.00E+00  0.00E+00  0.00E+00  0.00E+00  0.00E+00  0.00E+00  0.00E+00  0.00E+00  0.00E+00
11/01/2005 00:00:00  0.00E+00  0.00E+00  0.00E+00  0.00E+00  0.00E+00  0.00E+00  0.00E+00  0.00E+00  0.00E+00  0.00E+00  0.00E+00  0.00E+00  0.00E+00  0.00E+00  0.00E+00
11/01/2005 00:47:54  2.69E-09  3.71E-19  1.39E-19  1.39E-19  3.36E-18  0.00E+00  0.00E+00  0.00E+00  0.00E+00  0.00E+00  0.00E+00  0.00E+00  0.00E+00  0.00E+00  0.00E+00
11/01/2005 01:35:48  5.38E-09  1.05E-18  3.92E-19  3.92E-19  9.49E-18  0.00E+00  0.00E+00  0.00E+00  0.00E+00  0.00E+00  0.00E+00  0.00E+00  0.00E+00  0.00E+00  0.00E+00
11/01/2005 01:36:04  5.39E-09  1.05E-18  3.93E-19  3.93E-19  9.50E-18  0.00E+00  0.00E+00  0.00E+00  0.00E+00  0.00E+00  0.00E+00  0.00E+00  0.00E+00  0.00E+00  0.00E+00
11/01/2005 02:55:38  2.70E-09  3.74E-19  1.40E-19  1.40E-19  3.39E-18  0.00E+00  0.00E+00  0.00E+00  0.00E+00  0.00E+00  0.00E+00  0.00E+00  0.00E+00  0.00E+00  0.00E+00
11/01/2005 02:56:09  2.68E-09  3.70E-19  1.38E-19  1.38E-19  3.35E-18  0.00E+00  0.00E+00  0.00E+00  0.00E+00  0.00E+00  0.00E+00  0.00E+00  0.00E+00  0.00E+00  0.00E+00
11/01/2005 04:15:28  1.43E-11  2.14E-21  8.53E-22  8.53E-22  2.00E-20  0.00E+00  0.00E+00  0.00E+00  0.00E+00  0.00E+00  0.00E+00  0.00E+00  0.00E+00  0.00E+00  0.00E+00
11/01/2005 04:16:13  0.00E+00  0.00E+00  0.00E+00  0.00E+00  0.00E+00  0.00E+00  0.00E+00  0.00E+00  0.00E+00  0.00E+00  0.00E+00  0.00E+00  0.00E+00  0.00E+00  0.00E+00
02/28/2006 00:00:00  0.00E+00  0.00E+00  0.00E+00  0.00E+00  0.00E+00  0.00E+00  0.00E+00  0.00E+00  0.00E+00  0.00E+00  0.00E+00  0.00E+00  0.00E+00  0.00E+00  0.00E+00
02/28/2006 03:36:16  2.78E-08  3.99E-17  1.55E-17  1.55E-17  3.59E-16  0.00E+00  0.00E+00  0.00E+00  0.00E+00  0.00E+00  0.00E+00  0.00E+00  0.00E+00  0.00E+00  0.00E+00
02/28/2006 03:37:19  2.80E-08  4.01E-17  1.56E-17  1.56E-17  3.61E-16  0.00E+00  0.00E+00  0.00E+00  0.00E+00  0.00E+00  0.00E+00  0.00E+00  0.00E+00  0.00E+00  0.00E+00
02/28/2006 07:12:32  5.56E-08  1.13E-16  4.37E-17  4.37E-17  1.01E-15  0.00E+00  0.00E+00  0.00E+00  0.00E+00  0.00E+00  0.00E+00  0.00E+00  0.00E+00  0.00E+00  0.00E+00
02/28/2006 07:14:39  5.57E-08  1.13E-16  4.38E-17  4.38E-17  1.02E-15  0.00E+00  0.00E+00  0.00E+00  0.00E+00  0.00E+00  0.00E+00  0.00E+00  0.00E+00  0.00E+00  0.00E+00
02/28/2006 13:12:59  2.81E-08  4.05E-17  1.57E-17  1.57E-17  3.64E-16  0.00E+00  0.00E+00  0.00E+00  0.00E+00  0.00E+00  0.00E+00  0.00E+00  0.00E+00  0.00E+00  0.00E+00
02/28/2006 13:16:51  2.78E-08  3.98E-17  1.55E-17  1.55E-17  3.59E-16  0.00E+00  0.00E+00  0.00E+00  0.00E+00  0.00E+00  0.00E+00  0.00E+00  0.00E+00  0.00E+00  0.00E+00
02/28/2006 19:13:26  2.47E-10  4.04E-19  1.50E-19  1.50E-19  3.56E-18  0.00E+00  0.00E+00  0.00E+00  0.00E+00  0.00E+00  0.00E+00  0.00E+00  0.00E+00  0.00E+00  0.00E+00
02/28/2006 19:19:04  0.00E+00  0.00E+00  0.00E+00  0.00E+00  0.00E+00  0.00E+00  0.00E+00  0.00E+00  0.00E+00  0.00E+00  0.00E+00  0.00E+00  0.00E+00  0.00E+00  0.00E+00
01/31/2007 00:00:00  0.00E+00  0.00E+00  0.00E+00  0.00E+00  0.00E+00  0.00E+00  0.00E+00  0.00E+00  0.00E+00  0.00E+00  0.00E+00  0.00E+00  0.00E+00  0.00E+00  0.00E+00
01/31/2007 00:46:38  2.37E-09  2.95E-19  1.15E-19  1.15E-19  2.59E-18  0.00E+00  0.00E+00  0.00E+00  0.00E+00  0.00E+00  0.00E+00  0.00E+00  0.00E+00  0.00E+00  0.00E+00
01/31/2007 01:33:17  4.74E-09  8.34E-19  3.25E-19  3.25E-19  7.32E-18  0.00E+00  0.00E+00  0.00E+00  0.00E+00  0.00E+00  0.00E+00  0.00E+00  0.00E+00  0.00E+00  0.00E+00
01/31/2007 02:51:01  2.37E-09  2.95E-19  1.15E-19  1.15E-19  2.59E-18  0.00E+00  0.00E+00  0.00E+00  0.00E+00  0.00E+00  0.00E+00  0.00E+00  0.00E+00  0.00E+00  0.00E+00
01/31/2007 04:08:45  0.00E+00  0.00E+00  0.00E+00  0.00E+00  0.00E+00  0.00E+00  0.00E+00  0.00E+00  0.00E+00  0.00E+00  0.00E+00  0.00E+00  0.00E+00  0.00E+00  0.00E+00
05/23/2008 00:00:00  0.00E+00  0.00E+00  0.00E+00  0.00E+00  0.00E+00  0.00E+00  0.00E+00  0.00E+00  0.00E+00  0.00E+00  0.00E+00  0.00E+00  0.00E+00  0.00E+00  0.00E+00
05/23/2008 00:18:49  2.44E-06  3.43E-13  1.33E-13  1.33E-13  2.83E-12  0.00E+00  0.00E+00  0.00E+00  0.00E+00  0.00E+00  0.00E+00  0.00E+00  0.00E+00  0.00E+00  0.00E+00
05/23/2008 00:20:06  2.61E-06  3.80E-13  1.47E-13  1.47E-13  3.13E-12  0.00E+00  0.00E+00  0.00E+00  0.00E+00  0.00E+00  0.00E+00  0.00E+00  0.00E+00  0.00E+00  0.00E+00
05/23/2008 00:37:39  4.89E-06  9.66E-13  3.73E-13  3.73E-13  7.96E-12  0.00E+00  0.00E+00  0.00E+00  0.00E+00  0.00E+00  0.00E+00  0.00E+00  0.00E+00  0.00E+00  0.00E+00
05/23/2008 00:40:12  4.90E-06  9.60E-13  3.71E-13  3.71E-13  7.89E-12  0.00E+00  0.00E+00  0.00E+00  0.00E+00  0.00E+00  0.00E+00  0.00E+00  0.00E+00  0.00E+00  0.00E+00
05/23/2008 01:09:02  2.65E-06  3.82E-13  1.48E-13  1.48E-13  3.14E-12  0.00E+00  0.00E+00  0.00E+00  0.00E+00  0.00E+00  0.00E+00  0.00E+00  0.00E+00  0.00E+00  0.00E+00
05/23/2008 01:13:42  2.29E-06  3.17E-13  1.23E-13  1.23E-13  2.61E-12  0.00E+00  0.00E+00  0.00E+00  0.00E+00  0.00E+00  0.00E+00  0.00E+00  0.00E+00  0.00E+00  0.00E+00
05/23/2008 01:40:25  2.11E-07  2.45E-14  9.48E-15  9.48E-15  1.95E-13  0.00E+00  0.00E+00  0.00E+00  0.00E+00  0.00E+00  0.00E+00  0.00E+00  0.00E+00  0.00E+00  0.00E+00
05/23/2008 01:47:12  0.00E+00  0.00E+00  0.00E+00  0.00E+00  0.00E+00  0.00E+00  0.00E+00  0.00E+00  0.00E+00  0.00E+00  0.00E+00  0.00E+00  0.00E+00  0.00E+00  0.00E+00
12/17/2008 00:00:00  0.00E+00  0.00E+00  0.00E+00  0.00E+00  0.00E+00  0.00E+00  0.00E+00  0.00E+00  0.00E+00  0.00E+00  0.00E+00  0.00E+00  0.00E+00  0.00E+00  0.00E+00
12/17/2008 00:14:32  6.35E-06  2.28E-12  8.76E-13  8.76E-13  1.90E-11  0.00E+00  0.00E+00  0.00E+00  0.00E+00  0.00E+00  0.00E+00  0.00E+00  0.00E+00  0.00E+00  0.00E+00
12/17/2008 00:15:17  6.67E-06  2.46E-12  9.46E-13  9.46E-13  2.06E-11  0.00E+00  0.00E+00  0.00E+00  0.00E+00  0.00E+00  0.00E+00  0.00E+00  0.00E+00  0.00E+00  0.00E+00
12/17/2008 00:29:04  1.27E-05  6.41E-12  2.47E-12  2.47E-12  5.34E-11  0.00E+00  0.00E+00  0.00E+00  0.00E+00  0.00E+00  0.00E+00  0.00E+00  0.00E+00  0.00E+00  0.00E+00
12/17/2008 00:30:35  1.27E-05  6.39E-12  2.46E-12  2.46E-12  5.31E-11  0.00E+00  0.00E+00  0.00E+00  0.00E+00  0.00E+00  0.00E+00  0.00E+00  0.00E+00  0.00E+00  0.00E+00
12/17/2008 00:53:17  6.78E-06  2.48E-12  9.55E-13  9.55E-13  2.07E-11  0.00E+00  0.00E+00  0.00E+00  0.00E+00  0.00E+00  0.00E+00  0.00E+00  0.00E+00  0.00E+00  0.00E+00
12/17/2008 00:56:04  6.05E-06  2.15E-12  8.26E-13  8.26E-13  1.79E-11  0.00E+00  0.00E+00  0.00E+00  0.00E+00  0.00E+00  0.00E+00  0.00E+00  0.00E+00  0.00E+00  0.00E+00
12/17/2008 01:17:31  4.30E-07  1.27E-13  5.02E-14  5.02E-14  1.04E-12  0.00E+00  0.00E+00  0.00E+00  0.00E+00  0.00E+00  0.00E+00  0.00E+00  0.00E+00  0.00E+00  0.00E+00
12/17/2008 01:21:34  0.00E+00  0.00E+00  0.00E+00  0.00E+00  0.00E+00  0.00E+00  0.00E+00  0.00E+00  0.00E+00  0.00E+00  0.00E+00  0.00E+00  0.00E+00  0.00E+00  0.00E+00
02/07/2009 00:00:00  0.00E+00  0.00E+00  0.00E+00  0.00E+00  0.00E+00  0.00E+00  0.00E+00  0.00E+00  0.00E+00  0.00E+00  0.00E+00  0.00E+00  0.00E+00  0.00E+00  0.00E+00
02/07/2009 01:36:46  5.73E-09  1.69E-18  6.32E-19  6.32E-19  1.53E-17  0.00E+00  0.00E+00  0.00E+00  0.00E+00  0.00E+00  0.00E+00  0.00E+00  0.00E+00  0.00E+00  0.00E+00
02/07/2009 01:37:15  5.76E-09  1.70E-18  6.37E-19  6.37E-19  1.54E-17  0.00E+00  0.00E+00  0.00E+00  0.00E+00  0.00E+00  0.00E+00  0.00E+00  0.00E+00  0.00E+00  0.00E+00
02/07/2009 03:13:32  1.15E-08  4.77E-18  1.79E-18  1.79E-18  4.33E-17  0.00E+00  0.00E+00  0.00E+00  0.00E+00  0.00E+00  0.00E+00  0.00E+00  0.00E+00  0.00E+00  0.00E+00
02/07/2009 03:14:31  1.15E-08  4.77E-18  1.79E-18  1.79E-18  4.33E-17  0.00E+00  0.00E+00  0.00E+00  0.00E+00  0.00E+00  0.00E+00  0.00E+00  0.00E+00  0.00E+00  0.00E+00
02/07/2009 05:54:49  5.77E-09  1.71E-18  6.37E-19  6.37E-19  1.55E-17  0.00E+00  0.00E+00  0.00E+00  0.00E+00  0.00E+00  0.00E+00  0.00E+00  0.00E+00  0.00E+00  0.00E+00
02/07/2009 05:56:38  5.70E-09  1.68E-18  6.28E-19  6.28E-19  1.52E-17  0.00E+00  0.00E+00  0.00E+00  0.00E+00  0.00E+00  0.00E+00  0.00E+00  0.00E+00  0.00E+00  0.00E+00
02/07/2009 08:36:06  4.01E-11  1.06E-20  3.53E-21  3.53E-21  9.05E-20  0.00E+00  0.00E+00  0.00E+00  0.00E+00  0.00E+00  0.00E+00  0.00E+00  0.00E+00  0.00E+00  0.00E+00
02/07/2009 08:38:44  0.00E+00  0.00E+00  0.00E+00  0.00E+00  0.00E+00  0.00E+00  0.00E+00  0.00E+00  0.00E+00  0.00E+00  0.00E+00  0.00E+00  0.00E+00  0.00E+00  0.00E+00
02/09/2009 00:00:00  0.00E+00  0.00E+00  0.00E+00  0.00E+00  0.00E+00  0.00E+00  0.00E+00  0.00E+00  0.00E+00  0.00E+00  0.00E+00  0.00E+00  0.00E+00  0.00E+00  0.00E+00
02/09/2009 03:51:26  1.05E-08  5.81E-18  2.22E-18  2.22E-18  5.24E-17  0.00E+00  0.00E+00  0.00E+00  0.00E+00  0.00E+00  0.00E+00  0.00E+00  0.00E+00  0.00E+00  0.00E+00
02/09/2009 04:07:37  1.12E-08  6.36E-18  2.43E-18  2.43E-18  5.74E-17  0.00E+00  0.00E+00  0.00E+00  0.00E+00  0.00E+00  0.00E+00  0.00E+00  0.00E+00  0.00E+00  0.00E+00
02/09/2009 07:42:53  2.10E-08  1.62E-17  6.21E-18  6.21E-18  1.47E-16  0.00E+00  0.00E+00  0.00E+00  0.00E+00  0.00E+00  0.00E+00  0.00E+00  0.00E+00  0.00E+00  0.00E+00
02/09/2009 08:15:15  2.14E-08  1.67E-17  6.44E-18  6.44E-18  1.51E-16  0.00E+00  0.00E+00  0.00E+00  0.00E+00  0.00E+00  0.00E+00  0.00E+00  0.00E+00  0.00E+00  0.00E+00
02/09/2009 14:08:37  1.18E-08  6.97E-18  2.71E-18  2.71E-18  6.33E-17  0.00E+00  0.00E+00  0.00E+00  0.00E+00  0.00E+00  0.00E+00  0.00E+00  0.00E+00  0.00E+00  0.00E+00
02/09/2009 15:07:57  1.01E-08  5.65E-18  2.19E-18  2.19E-18  5.13E-17  0.00E+00  0.00E+00  0.00E+00  0.00E+00  0.00E+00  0.00E+00  0.00E+00  0.00E+00  0.00E+00  0.00E+00
02/09/2009 20:34:22  1.26E-09  7.36E-19  3.09E-19  3.09E-19  6.88E-18  0.00E+00  0.00E+00  0.00E+00  0.00E+00  0.00E+00  0.00E+00  0.00E+00  0.00E+00  0.00E+00  0.00E+00
02/09/2009 22:00:40  0.00E+00  0.00E+00  0.00E+00  0.00E+00  0.00E+00  0.00E+00  0.00E+00  0.00E+00  0.00E+00  0.00E+00  0.00E+00  0.00E+00  0.00E+00  0.00E+00  0.00E+00
01/21/2010 00:00:00  0.00E+00  0.00E+00  0.00E+00  0.00E+00  0.00E+00  0.00E+00  0.00E+00  0.00E+00  0.00E+00  0.00E+00  0.00E+00  0.00E+00  0.00E+00  0.00E+00  0.00E+00
01/21/2010 00:16:46  2.81E-06  4.56E-13  1.74E-13  1.74E-13  3.69E-12  0.00E+00  0.00E+00  0.00E+00  0.00E+00  0.00E+00  0.00E+00  0.00E+00  0.00E+00  0.00E+00  0.00E+00
01/21/2010 00:17:34  2.94E-06  4.89E-13  1.87E-13  1.87E-13  3.97E-12  0.00E+00  0.00E+00  0.00E+00  0.00E+00  0.00E+00  0.00E+00  0.00E+00  0.00E+00  0.00E+00  0.00E+00
01/21/2010 00:33:32  5.60E-06  1.28E-12  4.90E-13  4.90E-13  1.04E-11  0.00E+00  0.00E+00  0.00E+00  0.00E+00  0.00E+00  0.00E+00  0.00E+00  0.00E+00  0.00E+00  0.00E+00
01/21/2010 00:35:09  5.61E-06  1.28E-12  4.89E-13  4.89E-13  1.03E-11  0.00E+00  0.00E+00  0.00E+00  0.00E+00  0.00E+00  0.00E+00  0.00E+00  0.00E+00  0.00E+00  0.00E+00
01/21/2010 01:01:29  2.98E-06  4.93E-13  1.89E-13  1.89E-13  3.98E-12  0.00E+00  0.00E+00  0.00E+00  0.00E+00  0.00E+00  0.00E+00  0.00E+00  0.00E+00  0.00E+00  0.00E+00
01/21/2010 01:04:26  2.68E-06  4.31E-13  1.65E-13  1.65E-13  3.49E-12  0.00E+00  0.00E+00  0.00E+00  0.00E+00  0.00E+00  0.00E+00  0.00E+00  0.00E+00  0.00E+00  0.00E+00
01/21/2010 01:29:26  1.76E-07  2.41E-14  9.29E-15  9.29E-15  1.86E-13  0.00E+00  0.00E+00  0.00E+00  0.00E+00  0.00E+00  0.00E+00  0.00E+00  0.00E+00  0.00E+00  0.00E+00
01/21/2010 01:33:44  0.00E+00  0.00E+00  0.00E+00  0.00E+00  0.00E+00  0.00E+00  0.00E+00  0.00E+00  0.00E+00  0.00E+00  0.00E+00  0.00E+00  0.00E+00  0.00E+00  0.00E+00
01/22/2010 00:00:00  0.00E+00  0.00E+00  0.00E+00  0.00E+00  0.00E+00  0.00E+00  0.00E+00  0.00E+00  0.00E+00  0.00E+00  0.00E+00  0.00E+00  0.00E+00  0.00E+00  0.00E+00
01/22/2010 00:14:15  4.98E-06  1.36E-12  5.38E-13  5.38E-13  1.16E-11  0.00E+00  0.00E+00  0.00E+00  0.00E+00  0.00E+00  0.00E+00  0.00E+00  0.00E+00  0.00E+00  0.00E+00
01/22/2010 00:14:45  5.15E-06  1.43E-12  5.67E-13  5.67E-13  1.23E-11  0.00E+00  0.00E+00  0.00E+00  0.00E+00  0.00E+00  0.00E+00  0.00E+00  0.00E+00  0.00E+00  0.00E+00
01/22/2010 00:28:31  9.97E-06  3.83E-12  1.52E-12  1.52E-12  3.28E-11  0.00E+00  0.00E+00  0.00E+00  0.00E+00  0.00E+00  0.00E+00  0.00E+00  0.00E+00  0.00E+00  0.00E+00
01/22/2010 00:29:31  9.99E-06  3.82E-12  1.51E-12  1.51E-12  3.27E-11  0.00E+00  0.00E+00  0.00E+00  0.00E+00  0.00E+00  0.00E+00  0.00E+00  0.00E+00  0.00E+00  0.00E+00
01/22/2010 00:52:17  5.21E-06  1.44E-12  5.70E-13  5.70E-13  1.23E-11  0.00E+00  0.00E+00  0.00E+00  0.00E+00  0.00E+00  0.00E+00  0.00E+00  0.00E+00  0.00E+00  0.00E+00
01/22/2010 00:54:06  4.83E-06  1.31E-12  5.17E-13  5.17E-13  1.12E-11  0.00E+00  0.00E+00  0.00E+00  0.00E+00  0.00E+00  0.00E+00  0.00E+00  0.00E+00  0.00E+00  0.00E+00
01/22/2010 01:16:03  2.29E-07  5.22E-14  2.05E-14  2.05E-14  4.38E-13  0.00E+00  0.00E+00  0.00E+00  0.00E+00  0.00E+00  0.00E+00  0.00E+00  0.00E+00  0.00E+00  0.00E+00
01/22/2010 01:18:42  0.00E+00  0.00E+00  0.00E+00  0.00E+00  0.00E+00  0.00E+00  0.00E+00  0.00E+00  0.00E+00  0.00E+00  0.00E+00  0.00E+00  0.00E+00  0.00E+00  0.00E+00
01/23/2010 00:00:00  0.00E+00  0.00E+00  0.00E+00  0.00E+00  0.00E+00  0.00E+00  0.00E+00  0.00E+00  0.00E+00  0.00E+00  0.00E+00  0.00E+00  0.00E+00  0.00E+00  0.00E+00
01/23/2010 03:56:32  1.53E-08  1.21E-17  5.82E-18  5.82E-18  1.11E-16  0.00E+00  0.00E+00  0.00E+00  0.00E+00  0.00E+00  0.00E+00  0.00E+00  0.00E+00  0.00E+00  0.00E+00
01/23/2010 04:24:07  1.71E-08  1.39E-17  6.77E-18  6.77E-18  1.29E-16  0.00E+00  0.00E+00  0.00E+00  0.00E+00  0.00E+00  0.00E+00  0.00E+00  0.00E+00  0.00E+00  0.00E+00
01/23/2010 07:53:04  3.06E-08  3.34E-17  1.62E-17  1.62E-17  3.09E-16  0.00E+00  0.00E+00  0.00E+00  0.00E+00  0.00E+00  0.00E+00  0.00E+00  0.00E+00  0.00E+00  0.00E+00
01/23/2010 08:48:15  3.14E-08  3.51E-17  1.67E-17  1.67E-17  3.22E-16  0.00E+00  0.00E+00  0.00E+00  0.00E+00  0.00E+00  0.00E+00  0.00E+00  0.00E+00  0.00E+00  0.00E+00
01/23/2010 14:27:18  1.82E-08  1.62E-17  7.57E-18  7.57E-18  1.47E-16  0.00E+00  0.00E+00  0.00E+00  0.00E+00  0.00E+00  0.00E+00  0.00E+00  0.00E+00  0.00E+00  0.00E+00
01/23/2010 16:08:28  1.43E-08  1.16E-17  5.44E-18  5.44E-18  1.06E-16  0.00E+00  0.00E+00  0.00E+00  0.00E+00  0.00E+00  0.00E+00  0.00E+00  0.00E+00  0.00E+00  0.00E+00
01/23/2010 21:01:32  2.93E-09  2.65E-18  1.12E-18  1.12E-18  2.30E-17  0.00E+00  0.00E+00  0.00E+00  0.00E+00  0.00E+00  0.00E+00  0.00E+00  0.00E+00  0.00E+00  0.00E+00
01/23/2010 23:28:41  0.00E+00  0.00E+00  0.00E+00  0.00E+00  0.00E+00  0.00E+00  0.00E+00  0.00E+00  0.00E+00  0.00E+00  0.00E+00  0.00E+00  0.00E+00  0.00E+00  0.00E+00
02/07/2010 00:00:00  0.00E+00  0.00E+00  0.00E+00  0.00E+00  0.00E+00  0.00E+00  0.00E+00  0.00E+00  0.00E+00  0.00E+00  0.00E+00  0.00E+00  0.00E+00  0.00E+00  0.00E+00
02/07/2010 00:16:12  1.81E-06  1.84E-13  7.05E-14  7.05E-14  1.54E-12  0.00E+00  0.00E+00  0.00E+00  0.00E+00  0.00E+00  0.00E+00  0.00E+00  0.00E+00  0.00E+00  0.00E+00
02/07/2010 00:17:08  1.91E-06  2.00E-13  7.67E-14  7.67E-14  1.68E-12  0.00E+00  0.00E+00  0.00E+00  0.00E+00  0.00E+00  0.00E+00  0.00E+00  0.00E+00  0.00E+00  0.00E+00
02/07/2010 00:32:24  3.61E-06  5.16E-13  1.98E-13  1.98E-13  4.33E-12  0.00E+00  0.00E+00  0.00E+00  0.00E+00  0.00E+00  0.00E+00  0.00E+00  0.00E+00  0.00E+00  0.00E+00
02/07/2010 00:34:16  3.62E-06  5.12E-13  1.97E-13  1.97E-13  4.31E-12  0.00E+00  0.00E+00  0.00E+00  0.00E+00  0.00E+00  0.00E+00  0.00E+00  0.00E+00  0.00E+00  0.00E+00
02/07/2010 00:59:24  1.94E-06  2.01E-13  7.76E-14  7.76E-14  1.69E-12  0.00E+00  0.00E+00  0.00E+00  0.00E+00  0.00E+00  0.00E+00  0.00E+00  0.00E+00  0.00E+00  0.00E+00
02/07/2010 01:02:51  1.71E-06  1.71E-13  6.60E-14  6.60E-14  1.44E-12  0.00E+00  0.00E+00  0.00E+00  0.00E+00  0.00E+00  0.00E+00  0.00E+00  0.00E+00  0.00E+00  0.00E+00
02/07/2010 01:26:24  1.35E-07  1.07E-14  4.53E-15  4.53E-15  9.34E-14  0.00E+00  0.00E+00  0.00E+00  0.00E+00  0.00E+00  0.00E+00  0.00E+00  0.00E+00  0.00E+00  0.00E+00
02/07/2010 01:31:25  0.00E+00  0.00E+00  0.00E+00  0.00E+00  0.00E+00  0.00E+00  0.00E+00  0.00E+00  0.00E+00  0.00E+00  0.00E+00  0.00E+00  0.00E+00  0.00E+00  0.00E+00
02/10/2010 00:00:00  0.00E+00  0.00E+00  0.00E+00  0.00E+00  0.00E+00  0.00E+00  0.00E+00  0.00E+00  0.00E+00  0.00E+00  0.00E+00  0.00E+00  0.00E+00  0.00E+00  0.00E+00
02/10/2010 00:40:27  2.52E-07  3.30E-15  1.56E-15  1.56E-15  2.87E-14  0.00E+00  0.00E+00  0.00E+00  0.00E+00  0.00E+00  0.00E+00  0.00E+00  0.00E+00  0.00E+00  0.00E+00
02/10/2010 00:40:47  2.54E-07  3.34E-15  1.58E-15  1.58E-15  2.91E-14  0.00E+00  0.00E+00  0.00E+00  0.00E+00  0.00E+00  0.00E+00  0.00E+00  0.00E+00  0.00E+00  0.00E+00
02/10/2010 01:20:54  5.02E-07  9.33E-15  4.39E-15  4.39E-15  8.13E-14  0.00E+00  0.00E+00  0.00E+00  0.00E+00  0.00E+00  0.00E+00  0.00E+00  0.00E+00  0.00E+00  0.00E+00
02/10/2010 01:21:34  5.03E-07  9.32E-15  4.39E-15  4.39E-15  8.13E-14  0.00E+00  0.00E+00  0.00E+00  0.00E+00  0.00E+00  0.00E+00  0.00E+00  0.00E+00  0.00E+00  0.00E+00
02/10/2010 02:28:19  2.55E-07  3.35E-15  1.58E-15  1.58E-15  2.91E-14  0.00E+00  0.00E+00  0.00E+00  0.00E+00  0.00E+00  0.00E+00  0.00E+00  0.00E+00  0.00E+00  0.00E+00
02/10/2010 02:29:33  2.50E-07  3.27E-15  1.55E-15  1.55E-15  2.85E-14  0.00E+00  0.00E+00  0.00E+00  0.00E+00  0.00E+00  0.00E+00  0.00E+00  0.00E+00  0.00E+00  0.00E+00
02/10/2010 03:35:44  2.89E-09  2.97E-17  1.70E-17  1.70E-17  2.75E-16  0.00E+00  0.00E+00  0.00E+00  0.00E+00  0.00E+00  0.00E+00  0.00E+00  0.00E+00  0.00E+00  0.00E+00
02/10/2010 03:37:32  0.00E+00  0.00E+00  0.00E+00  0.00E+00  0.00E+00  0.00E+00  0.00E+00  0.00E+00  0.00E+00  0.00E+00  0.00E+00  0.00E+00  0.00E+00  0.00E+00  0.00E+00
03/07/2010 00:00:00  0.00E+00  0.00E+00  0.00E+00  0.00E+00  0.00E+00  0.00E+00  0.00E+00  0.00E+00  0.00E+00  0.00E+00  0.00E+00  0.00E+00  0.00E+00  0.00E+00  0.00E+00
03/07/2010 00:18:03  1.21E-06  8.78E-14  3.18E-14  3.18E-14  6.89E-13  0.00E+00  0.00E+00  0.00E+00  0.00E+00  0.00E+00  0.00E+00  0.00E+00  0.00E+00  0.00E+00  0.00E+00
03/07/2010 00:19:04  1.28E-06  9.53E-14  3.46E-14  3.46E-14  7.50E-13  0.00E+00  0.00E+00  0.00E+00  0.00E+00  0.00E+00  0.00E+00  0.00E+00  0.00E+00  0.00E+00  0.00E+00
03/07/2010 00:36:06  2.42E-06  2.46E-13  8.94E-14  8.94E-14  1.94E-12  0.00E+00  0.00E+00  0.00E+00  0.00E+00  0.00E+00  0.00E+00  0.00E+00  0.00E+00  0.00E+00  0.00E+00
03/07/2010 00:38:08  2.43E-06  2.46E-13  8.90E-14  8.90E-14  1.93E-12  0.00E+00  0.00E+00  0.00E+00  0.00E+00  0.00E+00  0.00E+00  0.00E+00  0.00E+00  0.00E+00  0.00E+00
03/07/2010 01:06:12  1.30E-06  9.69E-14  3.48E-14  3.48E-14  7.52E-13  0.00E+00  0.00E+00  0.00E+00  0.00E+00  0.00E+00  0.00E+00  0.00E+00  0.00E+00  0.00E+00  0.00E+00
03/07/2010 01:09:55  1.15E-06  8.27E-14  2.98E-14  2.98E-14  6.44E-13  0.00E+00  0.00E+00  0.00E+00  0.00E+00  0.00E+00  0.00E+00  0.00E+00  0.00E+00  0.00E+00  0.00E+00
03/07/2010 01:36:17  8.83E-08  5.78E-15  1.93E-15  1.93E-15  4.02E-14  0.00E+00  0.00E+00  0.00E+00  0.00E+00  0.00E+00  0.00E+00  0.00E+00  0.00E+00  0.00E+00  0.00E+00
03/07/2010 01:41:42  0.00E+00  0.00E+00  0.00E+00  0.00E+00  0.00E+00  0.00E+00  0.00E+00  0.00E+00  0.00E+00  0.00E+00  0.00E+00  0.00E+00  0.00E+00  0.00E+00  0.00E+00
04/12/2010 00:00:00  0.00E+00  0.00E+00  0.00E+00  0.00E+00  0.00E+00  0.00E+00  0.00E+00  0.00E+00  0.00E+00  0.00E+00  0.00E+00  0.00E+00  0.00E+00  0.00E+00  0.00E+00
04/12/2010 02:53:00  8.38E-09  3.74E-18  1.25E-18  1.25E-18  3.27E-17  0.00E+00  0.00E+00  0.00E+00  0.00E+00  0.00E+00  0.00E+00  0.00E+00  0.00E+00  0.00E+00  0.00E+00
04/12/2010 02:55:01  8.48E-09  3.81E-18  1.27E-18  1.27E-18  3.32E-17  0.00E+00  0.00E+00  0.00E+00  0.00E+00  0.00E+00  0.00E+00  0.00E+00  0.00E+00  0.00E+00  0.00E+00
04/12/2010 05:46:00  1.67E-08  1.06E-17  3.53E-18  3.53E-18  9.24E-17  0.00E+00  0.00E+00  0.00E+00  0.00E+00  0.00E+00  0.00E+00  0.00E+00  0.00E+00  0.00E+00  0.00E+00
04/12/2010 05:50:03  1.68E-08  1.06E-17  3.53E-18  3.53E-18  9.24E-17  0.00E+00  0.00E+00  0.00E+00  0.00E+00  0.00E+00  0.00E+00  0.00E+00  0.00E+00  0.00E+00  0.00E+00
04/12/2010 10:34:20  8.51E-09  3.82E-18  1.27E-18  1.27E-18  3.34E-17  0.00E+00  0.00E+00  0.00E+00  0.00E+00  0.00E+00  0.00E+00  0.00E+00  0.00E+00  0.00E+00  0.00E+00
04/12/2010 10:41:45  8.30E-09  3.70E-18  1.23E-18  1.23E-18  3.23E-17  0.00E+00  0.00E+00  0.00E+00  0.00E+00  0.00E+00  0.00E+00  0.00E+00  0.00E+00  0.00E+00  0.00E+00
04/12/2010 15:22:40  1.35E-10  4.92E-20  1.65E-20  1.65E-20  4.52E-19  0.00E+00  0.00E+00  0.00E+00  0.00E+00  0.00E+00  0.00E+00  0.00E+00  0.00E+00  0.00E+00  0.00E+00
04/12/2010 15:33:28  0.00E+00  0.00E+00  0.00E+00  0.00E+00  0.00E+00  0.00E+00  0.00E+00  0.00E+00  0.00E+00  0.00E+00  0.00E+00  0.00E+00  0.00E+00  0.00E+00  0.00E+00
10/19/2010 00:00:00  0.00E+00  0.00E+00  0.00E+00  0.00E+00  0.00E+00  0.00E+00  0.00E+00  0.00E+00  0.00E+00  0.00E+00  0.00E+00  0.00E+00  0.00E+00  0.00E+00  0.00E+00
10/19/2010 00:30:51  9.29E-07  4.97E-14  1.89E-14  1.89E-14  4.06E-13  0.00E+00  0.00E+00  0.00E+00  0.00E+00  0.00E+00  0.00E+00  0.00E+00  0.00E+00  0.00E+00  0.00E+00
10/19/2010 00:32:30  9.79E-07  5.38E-14  2.05E-14  2.05E-14  4.40E-13  0.00E+00  0.00E+00  0.00E+00  0.00E+00  0.00E+00  0.00E+00  0.00E+00  0.00E+00  0.00E+00  0.00E+00
10/19/2010 01:01:43  1.86E-06  1.40E-13  5.34E-14  5.34E-14  1.14E-12  0.00E+00  0.00E+00  0.00E+00  0.00E+00  0.00E+00  0.00E+00  0.00E+00  0.00E+00  0.00E+00  0.00E+00
10/19/2010 01:05:01  1.87E-06  1.39E-13  5.32E-14  5.32E-14  1.14E-12  0.00E+00  0.00E+00  0.00E+00  0.00E+00  0.00E+00  0.00E+00  0.00E+00  0.00E+00  0.00E+00  0.00E+00
10/19/2010 01:53:09  9.93E-07  5.43E-14  2.07E-14  2.07E-14  4.41E-13  0.00E+00  0.00E+00  0.00E+00  0.00E+00  0.00E+00  0.00E+00  0.00E+00  0.00E+00  0.00E+00  0.00E+00
10/19/2010 01:59:12  8.84E-07  4.68E-14  1.78E-14  1.78E-14  3.81E-13  0.00E+00  0.00E+00  0.00E+00  0.00E+00  0.00E+00  0.00E+00  0.00E+00  0.00E+00  0.00E+00  0.00E+00
10/19/2010 02:44:35  6.43E-08  2.91E-15  1.10E-15  1.10E-15  2.26E-14  0.00E+00  0.00E+00  0.00E+00  0.00E+00  0.00E+00  0.00E+00  0.00E+00  0.00E+00  0.00E+00  0.00E+00
10/19/2010 02:53:23  0.00E+00  0.00E+00  0.00E+00  0.00E+00  0.00E+00  0.00E+00  0.00E+00  0.00E+00  0.00E+00  0.00E+00  0.00E+00  0.00E+00  0.00E+00  0.00E+00  0.00E+00
12/01/2010 00:00:00  0.00E+00  0.00E+00  0.00E+00  0.00E+00  0.00E+00  0.00E+00  0.00E+00  0.00E+00  0.00E+00  0.00E+00  0.00E+00  0.00E+00  0.00E+00  0.00E+00  0.00E+00
12/01/2010 00:21:40  1.54E-06  1.39E-13  5.31E-14  5.31E-14  1.11E-12  0.00E+00  0.00E+00  0.00E+00  0.00E+00  0.00E+00  0.00E+00  0.00E+00  0.00E+00  0.00E+00  0.00E+00
12/01/2010 00:22:57  1.63E-06  1.51E-13  5.80E-14  5.80E-14  1.22E-12  0.00E+00  0.00E+00  0.00E+00  0.00E+00  0.00E+00  0.00E+00  0.00E+00  0.00E+00  0.00E+00  0.00E+00
12/01/2010 00:43:21  3.08E-06  3.90E-13  1.49E-13  1.49E-13  3.13E-12  0.00E+00  0.00E+00  0.00E+00  0.00E+00  0.00E+00  0.00E+00  0.00E+00  0.00E+00  0.00E+00  0.00E+00
12/01/2010 00:45:55  3.08E-06  3.88E-13  1.49E-13  1.49E-13  3.11E-12  0.00E+00  0.00E+00  0.00E+00  0.00E+00  0.00E+00  0.00E+00  0.00E+00  0.00E+00  0.00E+00  0.00E+00
12/01/2010 01:19:29  1.66E-06  1.53E-13  5.85E-14  5.85E-14  1.22E-12  0.00E+00  0.00E+00  0.00E+00  0.00E+00  0.00E+00  0.00E+00  0.00E+00  0.00E+00  0.00E+00  0.00E+00
12/01/2010 01:24:12  1.46E-06  1.29E-13  4.96E-14  4.96E-14  1.04E-12  0.00E+00  0.00E+00  0.00E+00  0.00E+00  0.00E+00  0.00E+00  0.00E+00  0.00E+00  0.00E+00  0.00E+00
12/01/2010 01:55:37  1.17E-07  8.86E-15  3.44E-15  3.44E-15  6.78E-14  0.00E+00  0.00E+00  0.00E+00  0.00E+00  0.00E+00  0.00E+00  0.00E+00  0.00E+00  0.00E+00  0.00E+00
12/01/2010 02:02:28  0.00E+00  0.00E+00  0.00E+00  0.00E+00  0.00E+00  0.00E+00  0.00E+00  0.00E+00  0.00E+00  0.00E+00  0.00E+00  0.00E+00  0.00E+00  0.00E+00  0.00E+00
12/02/2010 00:00:00  0.00E+00  0.00E+00  0.00E+00  0.00E+00  0.00E+00  0.00E+00  0.00E+00  0.00E+00  0.00E+00  0.00E+00  0.00E+00  0.00E+00  0.00E+00  0.00E+00  0.00E+00
12/02/2010 00:15:15  3.64E-06  7.38E-13  2.86E-13  2.86E-13  6.26E-12  0.00E+00  0.00E+00  0.00E+00  0.00E+00  0.00E+00  0.00E+00  0.00E+00  0.00E+00  0.00E+00  0.00E+00
12/02/2010 00:16:00  3.82E-06  7.93E-13  3.08E-13  3.08E-13  6.73E-12  0.00E+00  0.00E+00  0.00E+00  0.00E+00  0.00E+00  0.00E+00  0.00E+00  0.00E+00  0.00E+00  0.00E+00
12/02/2010 00:30:31  7.29E-06  2.08E-12  8.05E-13  8.05E-13  1.76E-11  0.00E+00  0.00E+00  0.00E+00  0.00E+00  0.00E+00  0.00E+00  0.00E+00  0.00E+00  0.00E+00  0.00E+00
12/02/2010 00:32:00  7.31E-06  2.07E-12  8.03E-13  8.03E-13  1.75E-11  0.00E+00  0.00E+00  0.00E+00  0.00E+00  0.00E+00  0.00E+00  0.00E+00  0.00E+00  0.00E+00  0.00E+00
12/02/2010 00:55:58  3.87E-06  7.99E-13  3.10E-13  3.10E-13  6.77E-12  0.00E+00  0.00E+00  0.00E+00  0.00E+00  0.00E+00  0.00E+00  0.00E+00  0.00E+00  0.00E+00  0.00E+00
12/02/2010 00:58:41  3.48E-06  6.98E-13  2.71E-13  2.71E-13  5.91E-12  0.00E+00  0.00E+00  0.00E+00  0.00E+00  0.00E+00  0.00E+00  0.00E+00  0.00E+00  0.00E+00  0.00E+00
12/02/2010 01:21:24  2.31E-07  3.93E-14  1.54E-14  1.54E-14  3.23E-13  0.00E+00  0.00E+00  0.00E+00  0.00E+00  0.00E+00  0.00E+00  0.00E+00  0.00E+00  0.00E+00  0.00E+00
12/02/2010 01:25:21  0.00E+00  0.00E+00  0.00E+00  0.00E+00  0.00E+00  0.00E+00  0.00E+00  0.00E+00  0.00E+00  0.00E+00  0.00E+00  0.00E+00  0.00E+00  0.00E+00  0.00E+00
12/03/2010 00:00:00  0.00E+00  0.00E+00  0.00E+00  0.00E+00  0.00E+00  0.00E+00  0.00E+00  0.00E+00  0.00E+00  0.00E+00  0.00E+00  0.00E+00  0.00E+00  0.00E+00  0.00E+00
12/03/2010 04:05:01  5.52E-09  1.60E-18  7.87E-19  7.87E-19  1.49E-17  0.00E+00  0.00E+00  0.00E+00  0.00E+00  0.00E+00  0.00E+00  0.00E+00  0.00E+00  0.00E+00  0.00E+00
12/03/2010 04:53:40  6.61E-09  2.04E-18  1.01E-18  1.01E-18  1.91E-17  0.00E+00  0.00E+00  0.00E+00  0.00E+00  0.00E+00  0.00E+00  0.00E+00  0.00E+00  0.00E+00  0.00E+00
12/03/2010 08:10:03  1.10E-08  4.39E-18  2.17E-18  2.17E-18  4.10E-17  0.00E+00  0.00E+00  0.00E+00  0.00E+00  0.00E+00  0.00E+00  0.00E+00  0.00E+00  0.00E+00  0.00E+00
12/03/2010 09:47:20  1.14E-08  4.70E-18  2.25E-18  2.25E-18  4.32E-17  0.00E+00  0.00E+00  0.00E+00  0.00E+00  0.00E+00  0.00E+00  0.00E+00  0.00E+00  0.00E+00  0.00E+00
12/03/2010 14:58:27  7.20E-09  2.46E-18  1.15E-18  1.15E-18  2.24E-17  0.00E+00  0.00E+00  0.00E+00  0.00E+00  0.00E+00  0.00E+00  0.00E+00  0.00E+00  0.00E+00  0.00E+00
12/03/2010 17:56:48  4.78E-09  1.45E-18  6.74E-19  6.74E-19  1.31E-17  0.00E+00  0.00E+00  0.00E+00  0.00E+00  0.00E+00  0.00E+00  0.00E+00  0.00E+00  0.00E+00  0.00E+00
12/03/2010 21:46:50  1.67E-09  5.46E-19  2.31E-19  2.31E-19  4.75E-18  0.00E+00  0.00E+00  0.00E+00  0.00E+00  0.00E+00  0.00E+00  0.00E+00  0.00E+00  0.00E+00  0.00E+00
12/04/2010 02:06:15  0.00E+00  0.00E+00  0.00E+00  0.00E+00  0.00E+00  0.00E+00  0.00E+00  0.00E+00  0.00E+00  0.00E+00  0.00E+00  0.00E+00  0.00E+00  0.00E+00  0.00E+00
12/21/2010 00:00:00  0.00E+00  0.00E+00  0.00E+00  0.00E+00  0.00E+00  0.00E+00  0.00E+00  0.00E+00  0.00E+00  0.00E+00  0.00E+00  0.00E+00  0.00E+00  0.00E+00  0.00E+00
12/21/2010 00:11:51  2.66E-05  3.83E-11  1.47E-11  1.47E-11  3.27E-10  0.00E+00  0.00E+00  0.00E+00  0.00E+00  0.00E+00  0.00E+00  0.00E+00  0.00E+00  0.00E+00  0.00E+00
12/21/2010 00:23:28  5.32E-05  1.08E-10  4.16E-11  4.16E-11  9.21E-10  0.00E+00  0.00E+00  0.00E+00  0.00E+00  0.00E+00  0.00E+00  0.00E+00  0.00E+00  0.00E+00  0.00E+00
12/21/2010 00:23:42  5.32E-05  1.08E-10  4.16E-11  4.16E-11  9.20E-10  0.00E+00  0.00E+00  0.00E+00  0.00E+00  0.00E+00  0.00E+00  0.00E+00  0.00E+00  0.00E+00  0.00E+00
12/21/2010 00:43:01  2.69E-05  3.89E-11  1.50E-11  1.50E-11  3.32E-10  0.00E+00  0.00E+00  0.00E+00  0.00E+00  0.00E+00  0.00E+00  0.00E+00  0.00E+00  0.00E+00  0.00E+00
12/21/2010 00:43:27  2.63E-05  3.78E-11  1.45E-11  1.45E-11  3.22E-10  0.00E+00  0.00E+00  0.00E+00  0.00E+00  0.00E+00  0.00E+00  0.00E+00  0.00E+00  0.00E+00  0.00E+00
12/21/2010 01:02:34  3.75E-07  4.60E-13  1.79E-13  1.79E-13  3.85E-12  0.00E+00  0.00E+00  0.00E+00  0.00E+00  0.00E+00  0.00E+00  0.00E+00  0.00E+00  0.00E+00  0.00E+00
12/21/2010 01:03:13  0.00E+00  0.00E+00  0.00E+00  0.00E+00  0.00E+00  0.00E+00  0.00E+00  0.00E+00  0.00E+00  0.00E+00  0.00E+00  0.00E+00  0.00E+00  0.00E+00  0.00E+00
12/22/2010 00:00:00  0.00E+00  0.00E+00  0.00E+00  0.00E+00  0.00E+00  0.00E+00  0.00E+00  0.00E+00  0.00E+00  0.00E+00  0.00E+00  0.00E+00  0.00E+00  0.00E+00  0.00E+00
12/22/2010 00:12:19  2.66E-05  3.81E-11  1.47E-11  1.47E-11  3.27E-10  0.00E+00  0.00E+00  0.00E+00  0.00E+00  0.00E+00  0.00E+00  0.00E+00  0.00E+00  0.00E+00  0.00E+00
12/22/2010 00:24:26  5.32E-05  1.07E-10  4.15E-11  4.15E-11  9.21E-10  0.00E+00  0.00E+00  0.00E+00  0.00E+00  0.00E+00  0.00E+00  0.00E+00  0.00E+00  0.00E+00  0.00E+00
12/22/2010 00:24:39  5.32E-05  1.07E-10  4.15E-11  4.15E-11  9.21E-10  0.00E+00  0.00E+00  0.00E+00  0.00E+00  0.00E+00  0.00E+00  0.00E+00  0.00E+00  0.00E+00  0.00E+00
12/22/2010 00:44:48  2.68E-05  3.86E-11  1.49E-11  1.49E-11  3.31E-10  0.00E+00  0.00E+00  0.00E+00  0.00E+00  0.00E+00  0.00E+00  0.00E+00  0.00E+00  0.00E+00  0.00E+00
12/22/2010 00:45:13  2.63E-05  3.76E-11  1.45E-11  1.45E-11  3.23E-10  0.00E+00  0.00E+00  0.00E+00  0.00E+00  0.00E+00  0.00E+00  0.00E+00  0.00E+00  0.00E+00  0.00E+00
12/22/2010 01:05:09  3.42E-07  4.14E-13  1.62E-13  1.62E-13  3.51E-12  0.00E+00  0.00E+00  0.00E+00  0.00E+00  0.00E+00  0.00E+00  0.00E+00  0.00E+00  0.00E+00  0.00E+00
12/22/2010 01:05:46  0.00E+00  0.00E+00  0.00E+00  0.00E+00  0.00E+00  0.00E+00  0.00E+00  0.00E+00  0.00E+00  0.00E+00  0.00E+00  0.00E+00  0.00E+00  0.00E+00  0.00E+00
12/29/2010 00:00:00  0.00E+00  0.00E+00  0.00E+00  0.00E+00  0.00E+00  0.00E+00  0.00E+00  0.00E+00  0.00E+00  0.00E+00  0.00E+00  0.00E+00  0.00E+00  0.00E+00  0.00E+00
12/29/2010 00:13:19  4.26E-06  1.00E-12  3.89E-13  3.89E-13  8.52E-12  0.00E+00  0.00E+00  0.00E+00  0.00E+00  0.00E+00  0.00E+00  0.00E+00  0.00E+00  0.00E+00  0.00E+00
12/29/2010 00:13:49  4.42E-06  1.06E-12  4.12E-13  4.12E-13  9.02E-12  0.00E+00  0.00E+00  0.00E+00  0.00E+00  0.00E+00  0.00E+00  0.00E+00  0.00E+00  0.00E+00  0.00E+00
12/29/2010 00:26:38  8.53E-06  2.83E-12  1.10E-12  1.10E-12  2.40E-11  0.00E+00  0.00E+00  0.00E+00  0.00E+00  0.00E+00  0.00E+00  0.00E+00  0.00E+00  0.00E+00  0.00E+00
12/29/2010 00:27:39  8.54E-06  2.83E-12  1.09E-12  1.09E-12  2.40E-11  0.00E+00  0.00E+00  0.00E+00  0.00E+00  0.00E+00  0.00E+00  0.00E+00  0.00E+00  0.00E+00  0.00E+00
12/29/2010 00:48:49  4.48E-06  1.07E-12  4.13E-13  4.13E-13  9.08E-12  0.00E+00  0.00E+00  0.00E+00  0.00E+00  0.00E+00  0.00E+00  0.00E+00  0.00E+00  0.00E+00  0.00E+00
12/29/2010 00:50:42  4.12E-06  9.62E-13  3.71E-13  3.71E-13  8.15E-12  0.00E+00  0.00E+00  0.00E+00  0.00E+00  0.00E+00  0.00E+00  0.00E+00  0.00E+00  0.00E+00  0.00E+00
12/29/2010 01:11:01  2.17E-07  4.55E-14  1.52E-14  1.52E-14  3.53E-13  0.00E+00  0.00E+00  0.00E+00  0.00E+00  0.00E+00  0.00E+00  0.00E+00  0.00E+00  0.00E+00  0.00E+00
12/29/2010 01:13:45  0.00E+00  0.00E+00  0.00E+00  0.00E+00  0.00E+00  0.00E+00  0.00E+00  0.00E+00  0.00E+00  0.00E+00  0.00E+00  0.00E+00  0.00E+00  0.00E+00  0.00E+00
01/03/2011 00:00:00  0.00E+00  0.00E+00  0.00E+00  0.00E+00  0.00E+00  0.00E+00  0.00E+00  0.00E+00  0.00E+00  0.00E+00  0.00E+00  0.00E+00  0.00E+00  0.00E+00  0.00E+00
01/03/2011 02:09:23  2.92E-08  4.38E-17  1.57E-17  1.57E-17  4.07E-16  0.00E+00  0.00E+00  0.00E+00  0.00E+00  0.00E+00  0.00E+00  0.00E+00  0.00E+00  0.00E+00  0.00E+00
01/03/2011 02:18:18  3.12E-08  4.79E-17  1.71E-17  1.71E-17  4.44E-16  0.00E+00  0.00E+00  0.00E+00  0.00E+00  0.00E+00  0.00E+00  0.00E+00  0.00E+00  0.00E+00  0.00E+00
01/03/2011 04:18:46  5.83E-08  1.22E-16  4.38E-17  4.38E-17  1.14E-15  0.00E+00  0.00E+00  0.00E+00  0.00E+00  0.00E+00  0.00E+00  0.00E+00  0.00E+00  0.00E+00  0.00E+00
01/03/2011 04:36:36  5.93E-08  1.26E-16  4.49E-17  4.49E-17  1.17E-15  0.00E+00  0.00E+00  0.00E+00  0.00E+00  0.00E+00  0.00E+00  0.00E+00  0.00E+00  0.00E+00  0.00E+00
01/03/2011 07:54:25  3.27E-08  5.28E-17  1.87E-17  1.87E-17  4.89E-16  0.00E+00  0.00E+00  0.00E+00  0.00E+00  0.00E+00  0.00E+00  0.00E+00  0.00E+00  0.00E+00  0.00E+00
01/03/2011 08:27:06  2.82E-08  4.29E-17  1.52E-17  1.52E-17  3.98E-16  0.00E+00  0.00E+00  0.00E+00  0.00E+00  0.00E+00  0.00E+00  0.00E+00  0.00E+00  0.00E+00  0.00E+00
01/03/2011 11:30:04  3.44E-09  5.69E-18  1.92E-18  1.92E-18  5.26E-17  0.00E+00  0.00E+00  0.00E+00  0.00E+00  0.00E+00  0.00E+00  0.00E+00  0.00E+00  0.00E+00  0.00E+00
01/03/2011 12:17:36  0.00E+00  0.00E+00  0.00E+00  0.00E+00  0.00E+00  0.00E+00  0.00E+00  0.00E+00  0.00E+00  0.00E+00  0.00E+00  0.00E+00  0.00E+00  0.00E+00  0.00E+00
02/19/2011 00:00:00  0.00E+00  0.00E+00  0.00E+00  0.00E+00  0.00E+00  0.00E+00  0.00E+00  0.00E+00  0.00E+00  0.00E+00  0.00E+00  0.00E+00  0.00E+00  0.00E+00  0.00E+00
02/19/2011 00:13:57  3.27E-06  6.16E-13  2.18E-13  2.18E-13  5.02E-12  0.00E+00  0.00E+00  0.00E+00  0.00E+00  0.00E+00  0.00E+00  0.00E+00  0.00E+00  0.00E+00  0.00E+00
02/19/2011 00:14:36  3.42E-06  6.60E-13  2.34E-13  2.34E-13  5.39E-12  0.00E+00  0.00E+00  0.00E+00  0.00E+00  0.00E+00  0.00E+00  0.00E+00  0.00E+00  0.00E+00  0.00E+00
02/19/2011 00:27:54  6.53E-06  1.73E-12  6.13E-13  6.13E-13  1.41E-11  0.00E+00  0.00E+00  0.00E+00  0.00E+00  0.00E+00  0.00E+00  0.00E+00  0.00E+00  0.00E+00  0.00E+00
02/19/2011 00:29:13  6.55E-06  1.73E-12  6.10E-13  6.10E-13  1.41E-11  0.00E+00  0.00E+00  0.00E+00  0.00E+00  0.00E+00  0.00E+00  0.00E+00  0.00E+00  0.00E+00  0.00E+00
02/19/2011 00:51:10  3.47E-06  6.66E-13  2.34E-13  2.34E-13  5.42E-12  0.00E+00  0.00E+00  0.00E+00  0.00E+00  0.00E+00  0.00E+00  0.00E+00  0.00E+00  0.00E+00  0.00E+00
02/19/2011 00:53:34  3.13E-06  5.84E-13  2.06E-13  2.06E-13  4.76E-12  0.00E+00  0.00E+00  0.00E+00  0.00E+00  0.00E+00  0.00E+00  0.00E+00  0.00E+00  0.00E+00  0.00E+00
02/19/2011 01:14:26  2.00E-07  3.18E-14  1.06E-14  1.06E-14  2.52E-13  0.00E+00  0.00E+00  0.00E+00  0.00E+00  0.00E+00  0.00E+00  0.00E+00  0.00E+00  0.00E+00  0.00E+00
02/19/2011 01:17:55  0.00E+00  0.00E+00  0.00E+00  0.00E+00  0.00E+00  0.00E+00  0.00E+00  0.00E+00  0.00E+00  0.00E+00  0.00E+00  0.00E+00  0.00E+00  0.00E+00  0.00E+00
02/26/2011 00:00:00  0.00E+00  0.00E+00  0.00E+00  0.00E+00  0.00E+00  0.00E+00  0.00E+00  0.00E+00  0.00E+00  0.00E+00  0.00E+00  0.00E+00  0.00E+00  0.00E+00  0.00E+00
02/26/2011 00:16:33  1.38E-06  1.08E-13  4.47E-14  4.47E-14  8.98E-13  0.00E+00  0.00E+00  0.00E+00  0.00E+00  0.00E+00  0.00E+00  0.00E+00  0.00E+00  0.00E+00  0.00E+00
02/26/2011 00:17:29  1.46E-06  1.18E-13  4.85E-14  4.85E-14  9.77E-13  0.00E+00  0.00E+00  0.00E+00  0.00E+00  0.00E+00  0.00E+00  0.00E+00  0.00E+00  0.00E+00  0.00E+00
02/26/2011 00:33:06  2.77E-06  3.05E-13  1.25E-13  1.25E-13  2.53E-12  0.00E+00  0.00E+00  0.00E+00  0.00E+00  0.00E+00  0.00E+00  0.00E+00  0.00E+00  0.00E+00  0.00E+00
02/26/2011 00:35:00  2.77E-06  3.03E-13  1.25E-13  1.25E-13  2.51E-12  0.00E+00  0.00E+00  0.00E+00  0.00E+00  0.00E+00  0.00E+00  0.00E+00  0.00E+00  0.00E+00  0.00E+00
02/26/2011 01:00:41  1.48E-06  1.19E-13  4.94E-14  4.94E-14  9.81E-13  0.00E+00  0.00E+00  0.00E+00  0.00E+00  0.00E+00  0.00E+00  0.00E+00  0.00E+00  0.00E+00  0.00E+00
02/26/2011 01:04:09  1.31E-06  1.01E-13  4.21E-14  4.21E-14  8.38E-13  0.00E+00  0.00E+00  0.00E+00  0.00E+00  0.00E+00  0.00E+00  0.00E+00  0.00E+00  0.00E+00  0.00E+00
02/26/2011 01:28:16  1.03E-07  6.58E-15  3.04E-15  3.04E-15  5.31E-14  0.00E+00  0.00E+00  0.00E+00  0.00E+00  0.00E+00  0.00E+00  0.00E+00  0.00E+00  0.00E+00  0.00E+00
02/26/2011 01:33:20  0.00E+00  0.00E+00  0.00E+00  0.00E+00  0.00E+00  0.00E+00  0.00E+00  0.00E+00  0.00E+00  0.00E+00  0.00E+00  0.00E+00  0.00E+00  0.00E+00  0.00E+00
02/27/2011 00:00:00  0.00E+00  0.00E+00  0.00E+00  0.00E+00  0.00E+00  0.00E+00  0.00E+00  0.00E+00  0.00E+00  0.00E+00  0.00E+00  0.00E+00  0.00E+00  0.00E+00  0.00E+00
02/27/2011 03:07:47  1.87E-08  2.00E-17  7.02E-18  7.02E-18  1.62E-16  0.00E+00  0.00E+00  0.00E+00  0.00E+00  0.00E+00  0.00E+00  0.00E+00  0.00E+00  0.00E+00  0.00E+00
02/27/2011 03:11:58  1.91E-08  2.05E-17  7.23E-18  7.23E-18  1.66E-16  0.00E+00  0.00E+00  0.00E+00  0.00E+00  0.00E+00  0.00E+00  0.00E+00  0.00E+00  0.00E+00  0.00E+00
02/27/2011 06:15:34  3.74E-08  5.62E-17  1.98E-17  1.98E-17  4.54E-16  0.00E+00  0.00E+00  0.00E+00  0.00E+00  0.00E+00  0.00E+00  0.00E+00  0.00E+00  0.00E+00  0.00E+00
02/27/2011 06:23:57  3.77E-08  5.70E-17  2.00E-17  2.00E-17  4.59E-16  0.00E+00  0.00E+00  0.00E+00  0.00E+00  0.00E+00  0.00E+00  0.00E+00  0.00E+00  0.00E+00  0.00E+00
02/27/2011 11:28:33  1.94E-08  2.14E-17  7.51E-18  7.51E-18  1.73E-16  0.00E+00  0.00E+00  0.00E+00  0.00E+00  0.00E+00  0.00E+00  0.00E+00  0.00E+00  0.00E+00  0.00E+00
02/27/2011 11:43:55  1.85E-08  1.99E-17  6.99E-18  6.99E-18  1.61E-16  0.00E+00  0.00E+00  0.00E+00  0.00E+00  0.00E+00  0.00E+00  0.00E+00  0.00E+00  0.00E+00  0.00E+00
02/27/2011 16:41:31  7.41E-10  9.37E-19  3.12E-19  3.12E-19  7.06E-18  0.00E+00  0.00E+00  0.00E+00  0.00E+00  0.00E+00  0.00E+00  0.00E+00  0.00E+00  0.00E+00  0.00E+00
02/27/2011 17:03:53  0.00E+00  0.00E+00  0.00E+00  0.00E+00  0.00E+00  0.00E+00  0.00E+00  0.00E+00  0.00E+00  0.00E+00  0.00E+00  0.00E+00  0.00E+00  0.00E+00  0.00E+00
03/21/2011 00:00:00  0.00E+00  0.00E+00  0.00E+00  0.00E+00  0.00E+00  0.00E+00  0.00E+00  0.00E+00  0.00E+00  0.00E+00  0.00E+00  0.00E+00  0.00E+00  0.00E+00  0.00E+00
03/21/2011 00:13:39  4.78E-06  1.27E-12  4.92E-13  4.92E-13  1.08E-11  0.00E+00  0.00E+00  0.00E+00  0.00E+00  0.00E+00  0.00E+00  0.00E+00  0.00E+00  0.00E+00  0.00E+00
03/21/2011 00:14:15  4.99E-06  1.36E-12  5.25E-13  5.25E-13  1.15E-11  0.00E+00  0.00E+00  0.00E+00  0.00E+00  0.00E+00  0.00E+00  0.00E+00  0.00E+00  0.00E+00  0.00E+00
03/21/2011 00:27:19  9.59E-06  3.58E-12  1.38E-12  1.38E-12  3.04E-11  0.00E+00  0.00E+00  0.00E+00  0.00E+00  0.00E+00  0.00E+00  0.00E+00  0.00E+00  0.00E+00  0.00E+00
03/21/2011 00:28:31  9.61E-06  3.57E-12  1.38E-12  1.38E-12  3.03E-11  0.00E+00  0.00E+00  0.00E+00  0.00E+00  0.00E+00  0.00E+00  0.00E+00  0.00E+00  0.00E+00  0.00E+00
03/21/2011 00:50:06  5.06E-06  1.37E-12  5.28E-13  5.28E-13  1.16E-11  0.00E+00  0.00E+00  0.00E+00  0.00E+00  0.00E+00  0.00E+00  0.00E+00  0.00E+00  0.00E+00  0.00E+00
03/21/2011 00:52:17  4.60E-06  1.21E-12  4.68E-13  4.68E-13  1.03E-11  0.00E+00  0.00E+00  0.00E+00  0.00E+00  0.00E+00  0.00E+00  0.00E+00  0.00E+00  0.00E+00  0.00E+00
03/21/2011 01:12:52  2.76E-07  6.10E-14  2.30E-14  2.30E-14  5.10E-13  0.00E+00  0.00E+00  0.00E+00  0.00E+00  0.00E+00  0.00E+00  0.00E+00  0.00E+00  0.00E+00  0.00E+00
03/21/2011 01:16:04  0.00E+00  0.00E+00  0.00E+00  0.00E+00  0.00E+00  0.00E+00  0.00E+00  0.00E+00  0.00E+00  0.00E+00  0.00E+00  0.00E+00  0.00E+00  0.00E+00  0.00E+00
03/24/2011 00:00:00  0.00E+00  0.00E+00  0.00E+00  0.00E+00  0.00E+00  0.00E+00  0.00E+00  0.00E+00  0.00E+00  0.00E+00  0.00E+00  0.00E+00  0.00E+00  0.00E+00  0.00E+00
03/24/2011 03:36:35  8.75E-09  4.59E-18  1.62E-18  1.62E-18  3.46E-17  0.00E+00  0.00E+00  0.00E+00  0.00E+00  0.00E+00  0.00E+00  0.00E+00  0.00E+00  0.00E+00  0.00E+00
03/24/2011 03:39:13  8.86E-09  4.67E-18  1.64E-18  1.64E-18  3.52E-17  0.00E+00  0.00E+00  0.00E+00  0.00E+00  0.00E+00  0.00E+00  0.00E+00  0.00E+00  0.00E+00  0.00E+00
03/24/2011 07:13:10  1.75E-08  1.30E-17  4.57E-18  4.57E-18  9.77E-17  0.00E+00  0.00E+00  0.00E+00  0.00E+00  0.00E+00  0.00E+00  0.00E+00  0.00E+00  0.00E+00  0.00E+00
03/24/2011 07:18:27  1.76E-08  1.31E-17  4.59E-18  4.59E-18  9.83E-17  0.00E+00  0.00E+00  0.00E+00  0.00E+00  0.00E+00  0.00E+00  0.00E+00  0.00E+00  0.00E+00  0.00E+00
03/24/2011 13:14:08  8.94E-09  4.78E-18  1.68E-18  1.68E-18  3.59E-17  0.00E+00  0.00E+00  0.00E+00  0.00E+00  0.00E+00  0.00E+00  0.00E+00  0.00E+00  0.00E+00  0.00E+00
03/24/2011 13:23:50  8.71E-09  4.59E-18  1.61E-18  1.61E-18  3.45E-17  0.00E+00  0.00E+00  0.00E+00  0.00E+00  0.00E+00  0.00E+00  0.00E+00  0.00E+00  0.00E+00  0.00E+00
03/24/2011 19:15:06  1.92E-10  1.18E-19  3.94E-20  3.94E-20  8.35E-19  0.00E+00  0.00E+00  0.00E+00  0.00E+00  0.00E+00  0.00E+00  0.00E+00  0.00E+00  0.00E+00  0.00E+00
03/24/2011 19:29:13  0.00E+00  0.00E+00  0.00E+00  0.00E+00  0.00E+00  0.00E+00  0.00E+00  0.00E+00  0.00E+00  0.00E+00  0.00E+00  0.00E+00  0.00E+00  0.00E+00  0.00E+00
04/09/2011 00:00:00  0.00E+00  0.00E+00  0.00E+00  0.00E+00  0.00E+00  0.00E+00  0.00E+00  0.00E+00  0.00E+00  0.00E+00  0.00E+00  0.00E+00  0.00E+00  0.00E+00  0.00E+00
04/09/2011 02:19:33  4.87E-09  1.10E-18  4.55E-19  4.55E-19  1.13E-17  0.00E+00  0.00E+00  0.00E+00  0.00E+00  0.00E+00  0.00E+00  0.00E+00  0.00E+00  0.00E+00  0.00E+00
04/09/2011 02:22:36  4.98E-09  1.14E-18  4.71E-19  4.71E-19  1.16E-17  0.00E+00  0.00E+00  0.00E+00  0.00E+00  0.00E+00  0.00E+00  0.00E+00  0.00E+00  0.00E+00  0.00E+00
04/09/2011 04:39:06  9.76E-09  3.10E-18  1.28E-18  1.28E-18  3.18E-17  0.00E+00  0.00E+00  0.00E+00  0.00E+00  0.00E+00  0.00E+00  0.00E+00  0.00E+00  0.00E+00  0.00E+00
04/09/2011 04:45:12  9.78E-09  3.10E-18  1.28E-18  1.28E-18  3.18E-17  0.00E+00  0.00E+00  0.00E+00  0.00E+00  0.00E+00  0.00E+00  0.00E+00  0.00E+00  0.00E+00  0.00E+00
04/09/2011 08:31:42  5.02E-09  1.15E-18  4.70E-19  4.70E-19  1.17E-17  0.00E+00  0.00E+00  0.00E+00  0.00E+00  0.00E+00  0.00E+00  0.00E+00  0.00E+00  0.00E+00  0.00E+00
04/09/2011 08:42:52  4.79E-09  1.08E-18  4.43E-19  4.43E-19  1.10E-17  0.00E+00  0.00E+00  0.00E+00  0.00E+00  0.00E+00  0.00E+00  0.00E+00  0.00E+00  0.00E+00  0.00E+00
04/09/2011 12:24:17  1.46E-10  2.91E-20  9.71E-21  9.71E-21  2.91E-19  0.00E+00  0.00E+00  0.00E+00  0.00E+00  0.00E+00  0.00E+00  0.00E+00  0.00E+00  0.00E+00  0.00E+00
04/09/2011 12:40:32  0.00E+00  0.00E+00  0.00E+00  0.00E+00  0.00E+00  0.00E+00  0.00E+00  0.00E+00  0.00E+00  0.00E+00  0.00E+00  0.00E+00  0.00E+00  0.00E+00  0.00E+00
11/12/2011 00:00:00  0.00E+00  0.00E+00  0.00E+00  0.00E+00  0.00E+00  0.00E+00  0.00E+00  0.00E+00  0.00E+00  0.00E+00  0.00E+00  0.00E+00  0.00E+00  0.00E+00  0.00E+00
11/12/2011 00:34:13  7.82E-07  3.45E-14  1.32E-14  1.32E-14  2.88E-13  0.00E+00  0.00E+00  0.00E+00  0.00E+00  0.00E+00  0.00E+00  0.00E+00  0.00E+00  0.00E+00  0.00E+00
11/12/2011 00:36:04  8.24E-07  3.74E-14  1.44E-14  1.44E-14  3.13E-13  0.00E+00  0.00E+00  0.00E+00  0.00E+00  0.00E+00  0.00E+00  0.00E+00  0.00E+00  0.00E+00  0.00E+00
11/12/2011 01:08:26  1.56E-06  9.70E-14  3.73E-14  3.73E-14  8.13E-13  0.00E+00  0.00E+00  0.00E+00  0.00E+00  0.00E+00  0.00E+00  0.00E+00  0.00E+00  0.00E+00  0.00E+00
11/12/2011 01:12:08  1.57E-06  9.66E-14  3.71E-14  3.71E-14  8.09E-13  0.00E+00  0.00E+00  0.00E+00  0.00E+00  0.00E+00  0.00E+00  0.00E+00  0.00E+00  0.00E+00  0.00E+00
11/12/2011 02:05:28  8.37E-07  3.76E-14  1.44E-14  1.44E-14  3.14E-13  0.00E+00  0.00E+00  0.00E+00  0.00E+00  0.00E+00  0.00E+00  0.00E+00  0.00E+00  0.00E+00  0.00E+00
11/12/2011 02:12:15  7.44E-07  3.24E-14  1.24E-14  1.24E-14  2.71E-13  0.00E+00  0.00E+00  0.00E+00  0.00E+00  0.00E+00  0.00E+00  0.00E+00  0.00E+00  0.00E+00  0.00E+00
11/12/2011 03:02:30  5.48E-08  1.99E-15  7.58E-16  7.58E-16  1.63E-14  0.00E+00  0.00E+00  0.00E+00  0.00E+00  0.00E+00  0.00E+00  0.00E+00  0.00E+00  0.00E+00  0.00E+00
11/12/2011 03:12:22  0.00E+00  0.00E+00  0.00E+00  0.00E+00  0.00E+00  0.00E+00  0.00E+00  0.00E+00  0.00E+00  0.00E+00  0.00E+00  0.00E+00  0.00E+00  0.00E+00  0.00E+00
11/21/2011 00:00:00  0.00E+00  0.00E+00  0.00E+00  0.00E+00  0.00E+00  0.00E+00  0.00E+00  0.00E+00  0.00E+00  0.00E+00  0.00E+00  0.00E+00  0.00E+00  0.00E+00  0.00E+00
11/21/2011 00:39:53  5.34E-07  1.58E-14  6.18E-15  6.18E-15  1.33E-13  0.00E+00  0.00E+00  0.00E+00  0.00E+00  0.00E+00  0.00E+00  0.00E+00  0.00E+00  0.00E+00  0.00E+00
11/21/2011 00:41:08  5.51E-07  1.66E-14  6.48E-15  6.48E-15  1.39E-13  0.00E+00  0.00E+00  0.00E+00  0.00E+00  0.00E+00  0.00E+00  0.00E+00  0.00E+00  0.00E+00  0.00E+00
11/21/2011 01:19:46  1.07E-06  4.46E-14  1.74E-14  1.74E-14  3.74E-13  0.00E+00  0.00E+00  0.00E+00  0.00E+00  0.00E+00  0.00E+00  0.00E+00  0.00E+00  0.00E+00  0.00E+00
11/21/2011 01:22:17  1.07E-06  4.45E-14  1.74E-14  1.74E-14  3.73E-13  0.00E+00  0.00E+00  0.00E+00  0.00E+00  0.00E+00  0.00E+00  0.00E+00  0.00E+00  0.00E+00  0.00E+00
11/21/2011 02:26:14  5.56E-07  1.67E-14  6.53E-15  6.53E-15  1.40E-13  0.00E+00  0.00E+00  0.00E+00  0.00E+00  0.00E+00  0.00E+00  0.00E+00  0.00E+00  0.00E+00  0.00E+00
11/21/2011 02:30:52  5.19E-07  1.53E-14  5.97E-15  5.97E-15  1.28E-13  0.00E+00  0.00E+00  0.00E+00  0.00E+00  0.00E+00  0.00E+00  0.00E+00  0.00E+00  0.00E+00  0.00E+00
11/21/2011 03:32:42  2.25E-08  5.52E-16  2.26E-16  2.26E-16  4.58E-15  0.00E+00  0.00E+00  0.00E+00  0.00E+00  0.00E+00  0.00E+00  0.00E+00  0.00E+00  0.00E+00  0.00E+00
11/21/2011 03:39:26  0.00E+00  0.00E+00  0.00E+00  0.00E+00  0.00E+00  0.00E+00  0.00E+00  0.00E+00  0.00E+00  0.00E+00  0.00E+00  0.00E+00  0.00E+00  0.00E+00  0.00E+00
03/18/2012 00:00:00  0.00E+00  0.00E+00  0.00E+00  0.00E+00  0.00E+00  0.00E+00  0.00E+00  0.00E+00  0.00E+00  0.00E+00  0.00E+00  0.00E+00  0.00E+00  0.00E+00  0.00E+00
03/18/2012 02:09:21  8.61E-09  3.65E-18  1.43E-18  1.43E-18  3.45E-17  0.00E+00  0.00E+00  0.00E+00  0.00E+00  0.00E+00  0.00E+00  0.00E+00  0.00E+00  0.00E+00  0.00E+00
03/18/2012 02:09:53  8.65E-09  3.68E-18  1.44E-18  1.44E-18  3.48E-17  0.00E+00  0.00E+00  0.00E+00  0.00E+00  0.00E+00  0.00E+00  0.00E+00  0.00E+00  0.00E+00  0.00E+00
03/18/2012 04:18:43  1.72E-08  1.03E-17  4.04E-18  4.04E-18  9.79E-17  0.00E+00  0.00E+00  0.00E+00  0.00E+00  0.00E+00  0.00E+00  0.00E+00  0.00E+00  0.00E+00  0.00E+00
03/18/2012 04:19:46  1.72E-08  1.03E-17  4.04E-18  4.04E-18  9.79E-17  0.00E+00  0.00E+00  0.00E+00  0.00E+00  0.00E+00  0.00E+00  0.00E+00  0.00E+00  0.00E+00  0.00E+00
03/18/2012 07:54:19  8.66E-09  3.68E-18  1.44E-18  1.44E-18  3.48E-17  0.00E+00  0.00E+00  0.00E+00  0.00E+00  0.00E+00  0.00E+00  0.00E+00  0.00E+00  0.00E+00  0.00E+00
03/18/2012 07:56:15  8.59E-09  3.64E-18  1.42E-18  1.42E-18  3.44E-17  0.00E+00  0.00E+00  0.00E+00  0.00E+00  0.00E+00  0.00E+00  0.00E+00  0.00E+00  0.00E+00  0.00E+00
03/18/2012 11:29:55  4.80E-11  1.63E-20  6.55E-21  6.55E-21  1.63E-19  0.00E+00  0.00E+00  0.00E+00  0.00E+00  0.00E+00  0.00E+00  0.00E+00  0.00E+00  0.00E+00  0.00E+00
03/18/2012 11:32:43  0.00E+00  0.00E+00  0.00E+00  0.00E+00  0.00E+00  0.00E+00  0.00E+00  0.00E+00  0.00E+00  0.00E+00  0.00E+00  0.00E+00  0.00E+00  0.00E+00  0.00E+00
12/13/2012 00:00:00  0.00E+00  0.00E+00  0.00E+00  0.00E+00  0.00E+00  0.00E+00  0.00E+00  0.00E+00  0.00E+00  0.00E+00  0.00E+00  0.00E+00  0.00E+00  0.00E+00  0.00E+00
12/13/2012 00:15:51  4.22E-06  1.03E-12  3.94E-13  3.94E-13  8.44E-12  0.00E+00  0.00E+00  0.00E+00  0.00E+00  0.00E+00  0.00E+00  0.00E+00  0.00E+00  0.00E+00  0.00E+00
12/13/2012 00:16:46  4.47E-06  1.12E-12  4.30E-13  4.30E-13  9.21E-12  0.00E+00  0.00E+00  0.00E+00  0.00E+00  0.00E+00  0.00E+00  0.00E+00  0.00E+00  0.00E+00  0.00E+00
12/13/2012 00:31:43  8.46E-06  2.89E-12  1.11E-12  1.11E-12  2.38E-11  0.00E+00  0.00E+00  0.00E+00  0.00E+00  0.00E+00  0.00E+00  0.00E+00  0.00E+00  0.00E+00  0.00E+00
12/13/2012 00:33:33  8.48E-06  2.87E-12  1.10E-12  1.10E-12  2.37E-11  0.00E+00  0.00E+00  0.00E+00  0.00E+00  0.00E+00  0.00E+00  0.00E+00  0.00E+00  0.00E+00  0.00E+00
12/13/2012 00:58:09  4.54E-06  1.12E-12  4.33E-13  4.33E-13  9.24E-12  0.00E+00  0.00E+00  0.00E+00  0.00E+00  0.00E+00  0.00E+00  0.00E+00  0.00E+00  0.00E+00  0.00E+00
12/13/2012 01:01:31  4.00E-06  9.58E-13  3.69E-13  3.69E-13  7.87E-12  0.00E+00  0.00E+00  0.00E+00  0.00E+00  0.00E+00  0.00E+00  0.00E+00  0.00E+00  0.00E+00  0.00E+00
12/13/2012 01:24:35  3.15E-07  6.29E-14  2.45E-14  2.45E-14  5.06E-13  0.00E+00  0.00E+00  0.00E+00  0.00E+00  0.00E+00  0.00E+00  0.00E+00  0.00E+00  0.00E+00  0.00E+00
12/13/2012 01:29:29  0.00E+00  0.00E+00  0.00E+00  0.00E+00  0.00E+00  0.00E+00  0.00E+00  0.00E+00  0.00E+00  0.00E+00  0.00E+00  0.00E+00  0.00E+00  0.00E+00  0.00E+00
01/25/2013 00:00:00  0.00E+00  0.00E+00  0.00E+00  0.00E+00  0.00E+00  0.00E+00  0.00E+00  0.00E+00  0.00E+00  0.00E+00  0.00E+00  0.00E+00  0.00E+00  0.00E+00  0.00E+00
01/25/2013 02:47:03  8.20E-09  3.24E-18  1.34E-18  1.34E-18  3.14E-17  0.00E+00  0.00E+00  0.00E+00  0.00E+00  0.00E+00  0.00E+00  0.00E+00  0.00E+00  0.00E+00  0.00E+00
01/25/2013 02:48:01  8.25E-09  3.26E-18  1.35E-18  1.35E-18  3.16E-17  0.00E+00  0.00E+00  0.00E+00  0.00E+00  0.00E+00  0.00E+00  0.00E+00  0.00E+00  0.00E+00  0.00E+00
01/25/2013 05:34:07  1.64E-08  9.15E-18  3.78E-18  3.78E-18  8.86E-17  0.00E+00  0.00E+00  0.00E+00  0.00E+00  0.00E+00  0.00E+00  0.00E+00  0.00E+00  0.00E+00  0.00E+00
01/25/2013 05:36:03  1.64E-08  9.18E-18  3.79E-18  3.79E-18  8.89E-17  0.00E+00  0.00E+00  0.00E+00  0.00E+00  0.00E+00  0.00E+00  0.00E+00  0.00E+00  0.00E+00  0.00E+00
01/25/2013 10:12:34  8.29E-09  3.30E-18  1.36E-18  1.36E-18  3.20E-17  0.00E+00  0.00E+00  0.00E+00  0.00E+00  0.00E+00  0.00E+00  0.00E+00  0.00E+00  0.00E+00  0.00E+00
01/25/2013 10:16:07  8.18E-09  3.24E-18  1.34E-18  1.34E-18  3.14E-17  0.00E+00  0.00E+00  0.00E+00  0.00E+00  0.00E+00  0.00E+00  0.00E+00  0.00E+00  0.00E+00  0.00E+00
01/25/2013 14:51:01  8.55E-11  3.83E-20  1.48E-20  1.48E-20  3.64E-19  0.00E+00  0.00E+00  0.00E+00  0.00E+00  0.00E+00  0.00E+00  0.00E+00  0.00E+00  0.00E+00  0.00E+00
01/25/2013 14:56:10  0.00E+00  0.00E+00  0.00E+00  0.00E+00  0.00E+00  0.00E+00  0.00E+00  0.00E+00  0.00E+00  0.00E+00  0.00E+00  0.00E+00  0.00E+00  0.00E+00  0.00E+00
01/26/2013 00:00:00  0.00E+00  0.00E+00  0.00E+00  0.00E+00  0.00E+00  0.00E+00  0.00E+00  0.00E+00  0.00E+00  0.00E+00  0.00E+00  0.00E+00  0.00E+00  0.00E+00  0.00E+00
01/26/2013 00:37:14  4.71E-07  1.23E-14  4.85E-15  4.85E-15  1.01E-13  0.00E+00  0.00E+00  0.00E+00  0.00E+00  0.00E+00  0.00E+00  0.00E+00  0.00E+00  0.00E+00  0.00E+00
01/26/2013 01:14:13  9.42E-07  3.47E-14  1.37E-14  1.37E-14  2.86E-13  0.00E+00  0.00E+00  0.00E+00  0.00E+00  0.00E+00  0.00E+00  0.00E+00  0.00E+00  0.00E+00  0.00E+00
01/26/2013 01:14:28  9.42E-07  3.47E-14  1.37E-14  1.37E-14  2.86E-13  0.00E+00  0.00E+00  0.00E+00  0.00E+00  0.00E+00  0.00E+00  0.00E+00  0.00E+00  0.00E+00  0.00E+00
01/26/2013 02:16:04  4.73E-07  1.23E-14  4.88E-15  4.88E-15  1.02E-13  0.00E+00  0.00E+00  0.00E+00  0.00E+00  0.00E+00  0.00E+00  0.00E+00  0.00E+00  0.00E+00  0.00E+00
01/26/2013 02:16:33  4.69E-07  1.22E-14  4.83E-15  4.83E-15  1.00E-13  0.00E+00  0.00E+00  0.00E+00  0.00E+00  0.00E+00  0.00E+00  0.00E+00  0.00E+00  0.00E+00  0.00E+00
01/26/2013 03:17:55  2.29E-09  5.26E-17  2.10E-17  2.10E-17  4.09E-16  0.00E+00  0.00E+00  0.00E+00  0.00E+00  0.00E+00  0.00E+00  0.00E+00  0.00E+00  0.00E+00  0.00E+00
01/26/2013 03:18:37  0.00E+00  0.00E+00  0.00E+00  0.00E+00  0.00E+00  0.00E+00  0.00E+00  0.00E+00  0.00E+00  0.00E+00  0.00E+00  0.00E+00  0.00E+00  0.00E+00  0.00E+00
03/08/2013 00:00:00  0.00E+00  0.00E+00  0.00E+00  0.00E+00  0.00E+00  0.00E+00  0.00E+00  0.00E+00  0.00E+00  0.00E+00  0.00E+00  0.00E+00  0.00E+00  0.00E+00  0.00E+00
03/08/2013 03:34:27  2.06E-08  2.17E-17  8.51E-18  8.51E-18  1.95E-16  0.00E+00  0.00E+00  0.00E+00  0.00E+00  0.00E+00  0.00E+00  0.00E+00  0.00E+00  0.00E+00  0.00E+00
03/08/2013 03:35:07  2.06E-08  2.18E-17  8.55E-18  8.55E-18  1.96E-16  0.00E+00  0.00E+00  0.00E+00  0.00E+00  0.00E+00  0.00E+00  0.00E+00  0.00E+00  0.00E+00  0.00E+00
03/08/2013 07:08:55  4.10E-08  6.14E-17  2.40E-17  2.40E-17  5.50E-16  0.00E+00  0.00E+00  0.00E+00  0.00E+00  0.00E+00  0.00E+00  0.00E+00  0.00E+00  0.00E+00  0.00E+00
03/08/2013 07:10:15  4.11E-08  6.14E-17  2.40E-17  2.40E-17  5.50E-16  0.00E+00  0.00E+00  0.00E+00  0.00E+00  0.00E+00  0.00E+00  0.00E+00  0.00E+00  0.00E+00  0.00E+00
03/08/2013 13:06:21  2.06E-08  2.18E-17  8.56E-18  8.56E-18  1.96E-16  0.00E+00  0.00E+00  0.00E+00  0.00E+00  0.00E+00  0.00E+00  0.00E+00  0.00E+00  0.00E+00  0.00E+00
03/08/2013 13:08:48  2.05E-08  2.17E-17  8.48E-18  8.48E-18  1.94E-16  0.00E+00  0.00E+00  0.00E+00  0.00E+00  0.00E+00  0.00E+00  0.00E+00  0.00E+00  0.00E+00  0.00E+00
03/08/2013 19:03:47  8.83E-11  7.61E-20  3.04E-20  3.04E-20  7.16E-19  0.00E+00  0.00E+00  0.00E+00  0.00E+00  0.00E+00  0.00E+00  0.00E+00  0.00E+00  0.00E+00  0.00E+00
03/08/2013 19:07:21  0.00E+00  0.00E+00  0.00E+00  0.00E+00  0.00E+00  0.00E+00  0.00E+00  0.00E+00  0.00E+00  0.00E+00  0.00E+00  0.00E+00  0.00E+00  0.00E+00  0.00E+00
12/06/2013 00:00:00  0.00E+00  0.00E+00  0.00E+00  0.00E+00  0.00E+00  0.00E+00  0.00E+00  0.00E+00  0.00E+00  0.00E+00  0.00E+00  0.00E+00  0.00E+00  0.00E+00  0.00E+00
12/06/2013 03:10:33  1.27E-08  8.17E-18  3.23E-18  3.23E-18  7.41E-17  0.00E+00  0.00E+00  0.00E+00  0.00E+00  0.00E+00  0.00E+00  0.00E+00  0.00E+00  0.00E+00  0.00E+00
12/06/2013 06:21:07  2.53E-08  2.31E-17  9.13E-18  9.13E-18  2.09E-16  0.00E+00  0.00E+00  0.00E+00  0.00E+00  0.00E+00  0.00E+00  0.00E+00  0.00E+00  0.00E+00  0.00E+00
12/06/2013 11:38:24  1.27E-08  8.18E-18  3.23E-18  3.23E-18  7.41E-17  0.00E+00  0.00E+00  0.00E+00  0.00E+00  0.00E+00  0.00E+00  0.00E+00  0.00E+00  0.00E+00  0.00E+00
12/06/2013 11:38:43  1.27E-08  8.16E-18  3.23E-18  3.23E-18  7.41E-17  0.00E+00  0.00E+00  0.00E+00  0.00E+00  0.00E+00  0.00E+00  0.00E+00  0.00E+00  0.00E+00  0.00E+00
12/06/2013 16:55:52  7.72E-12  4.24E-21  1.70E-21  1.70E-21  3.81E-20  0.00E+00  0.00E+00  0.00E+00  0.00E+00  0.00E+00  0.00E+00  0.00E+00  0.00E+00  0.00E+00  0.00E+00
12/06/2013 16:56:19  0.00E+00  0.00E+00  0.00E+00  0.00E+00  0.00E+00  0.00E+00  0.00E+00  0.00E+00  0.00E+00  0.00E+00  0.00E+00  0.00E+00  0.00E+00  0.00E+00  0.00E+00
02/27/2014 00:00:00  0.00E+00  0.00E+00  0.00E+00  0.00E+00  0.00E+00  0.00E+00  0.00E+00  0.00E+00  0.00E+00  0.00E+00  0.00E+00  0.00E+00  0.00E+00  0.00E+00  0.00E+00
02/27/2014 02:32:14  1.04E-08  5.73E-18  2.20E-18  2.20E-18  5.03E-17  0.00E+00  0.00E+00  0.00E+00  0.00E+00  0.00E+00  0.00E+00  0.00E+00  0.00E+00  0.00E+00  0.00E+00
02/27/2014 02:32:32  1.05E-08  5.74E-18  2.21E-18  2.21E-18  5.04E-17  0.00E+00  0.00E+00  0.00E+00  0.00E+00  0.00E+00  0.00E+00  0.00E+00  0.00E+00  0.00E+00  0.00E+00
02/27/2014 05:04:29  2.09E-08  1.62E-17  6.22E-18  6.22E-18  1.42E-16  0.00E+00  0.00E+00  0.00E+00  0.00E+00  0.00E+00  0.00E+00  0.00E+00  0.00E+00  0.00E+00  0.00E+00
02/27/2014 05:05:05  2.09E-08  1.62E-17  6.22E-18  6.22E-18  1.42E-16  0.00E+00  0.00E+00  0.00E+00  0.00E+00  0.00E+00  0.00E+00  0.00E+00  0.00E+00  0.00E+00  0.00E+00
02/27/2014 09:18:13  1.05E-08  5.75E-18  2.21E-18  2.21E-18  5.04E-17  0.00E+00  0.00E+00  0.00E+00  0.00E+00  0.00E+00  0.00E+00  0.00E+00  0.00E+00  0.00E+00  0.00E+00
02/27/2014 09:19:19  1.04E-08  5.71E-18  2.20E-18  2.20E-18  5.02E-17  0.00E+00  0.00E+00  0.00E+00  0.00E+00  0.00E+00  0.00E+00  0.00E+00  0.00E+00  0.00E+00  0.00E+00
02/27/2014 13:31:57  2.83E-11  1.34E-20  5.19E-21  5.19E-21  1.15E-19  0.00E+00  0.00E+00  0.00E+00  0.00E+00  0.00E+00  0.00E+00  0.00E+00  0.00E+00  0.00E+00  0.00E+00
02/27/2014 13:33:33  0.00E+00  0.00E+00  0.00E+00  0.00E+00  0.00E+00  0.00E+00  0.00E+00  0.00E+00  0.00E+00  0.00E+00  0.00E+00  0.00E+00  0.00E+00  0.00E+00  0.00E+00
12/02/2014 00:00:00  0.00E+00  0.00E+00  0.00E+00  0.00E+00  0.00E+00  0.00E+00  0.00E+00  0.00E+00  0.00E+00  0.00E+00  0.00E+00  0.00E+00  0.00E+00  0.00E+00  0.00E+00
12/02/2014 03:29:59  3.35E-08  5.82E-17  2.22E-17  2.22E-17  5.18E-16  0.00E+00  0.00E+00  0.00E+00  0.00E+00  0.00E+00  0.00E+00  0.00E+00  0.00E+00  0.00E+00  0.00E+00
12/02/2014 06:59:58  6.69E-08  1.65E-16  6.27E-17  6.27E-17  1.47E-15  0.00E+00  0.00E+00  0.00E+00  0.00E+00  0.00E+00  0.00E+00  0.00E+00  0.00E+00  0.00E+00  0.00E+00
12/02/2014 12:49:57  3.35E-08  5.82E-17  2.22E-17  2.22E-17  5.18E-16  0.00E+00  0.00E+00  0.00E+00  0.00E+00  0.00E+00  0.00E+00  0.00E+00  0.00E+00  0.00E+00  0.00E+00
12/02/2014 18:39:55  0.00E+00  0.00E+00  0.00E+00  0.00E+00  0.00E+00  0.00E+00  0.00E+00  0.00E+00  0.00E+00  0.00E+00  0.00E+00  0.00E+00  0.00E+00  0.00E+00  0.00E+00
12/12/2014 00:00:00  0.00E+00  0.00E+00  0.00E+00  0.00E+00  0.00E+00  0.00E+00  0.00E+00  0.00E+00  0.00E+00  0.00E+00  0.00E+00  0.00E+00  0.00E+00  0.00E+00  0.00E+00
12/12/2014 00:17:11  2.82E-06  4.61E-13  1.75E-13  1.75E-13  3.74E-12  0.00E+00  0.00E+00  0.00E+00  0.00E+00  0.00E+00  0.00E+00  0.00E+00  0.00E+00  0.00E+00  0.00E+00
12/12/2014 00:18:06  2.97E-06  4.99E-13  1.89E-13  1.89E-13  4.05E-12  0.00E+00  0.00E+00  0.00E+00  0.00E+00  0.00E+00  0.00E+00  0.00E+00  0.00E+00  0.00E+00  0.00E+00
12/12/2014 00:34:22  5.63E-06  1.30E-12  4.90E-13  4.90E-13  1.05E-11  0.00E+00  0.00E+00  0.00E+00  0.00E+00  0.00E+00  0.00E+00  0.00E+00  0.00E+00  0.00E+00  0.00E+00
12/12/2014 00:36:13  5.64E-06  1.29E-12  4.88E-13  4.88E-13  1.04E-11  0.00E+00  0.00E+00  0.00E+00  0.00E+00  0.00E+00  0.00E+00  0.00E+00  0.00E+00  0.00E+00  0.00E+00
12/12/2014 01:03:01  3.02E-06  5.03E-13  1.91E-13  1.91E-13  4.06E-12  0.00E+00  0.00E+00  0.00E+00  0.00E+00  0.00E+00  0.00E+00  0.00E+00  0.00E+00  0.00E+00  0.00E+00
12/12/2014 01:06:25  2.68E-06  4.33E-13  1.64E-13  1.64E-13  3.50E-12  0.00E+00  0.00E+00  0.00E+00  0.00E+00  0.00E+00  0.00E+00  0.00E+00  0.00E+00  0.00E+00  0.00E+00
12/12/2014 01:31:40  1.96E-07  2.73E-14  1.02E-14  1.02E-14  2.08E-13  0.00E+00  0.00E+00  0.00E+00  0.00E+00  0.00E+00  0.00E+00  0.00E+00  0.00E+00  0.00E+00  0.00E+00
12/12/2014 01:36:36  0.00E+00  0.00E+00  0.00E+00  0.00E+00  0.00E+00  0.00E+00  0.00E+00  0.00E+00  0.00E+00  0.00E+00  0.00E+00  0.00E+00  0.00E+00  0.00E+00  0.00E+00
03/01/2015 00:00:00  0.00E+00  0.00E+00  0.00E+00  0.00E+00  0.00E+00  0.00E+00  0.00E+00  0.00E+00  0.00E+00  0.00E+00  0.00E+00  0.00E+00  0.00E+00  0.00E+00  0.00E+00
03/01/2015 00:26:22  1.13E-06  7.52E-14  2.84E-14  2.84E-14  6.08E-13  0.00E+00  0.00E+00  0.00E+00  0.00E+00  0.00E+00  0.00E+00  0.00E+00  0.00E+00  0.00E+00  0.00E+00
03/01/2015 00:28:03  1.21E-06  8.26E-14  3.12E-14  3.12E-14  6.68E-13  0.00E+00  0.00E+00  0.00E+00  0.00E+00  0.00E+00  0.00E+00  0.00E+00  0.00E+00  0.00E+00  0.00E+00
03/01/2015 00:52:44  2.27E-06  2.12E-13  8.00E-14  8.00E-14  1.71E-12  0.00E+00  0.00E+00  0.00E+00  0.00E+00  0.00E+00  0.00E+00  0.00E+00  0.00E+00  0.00E+00  0.00E+00
03/01/2015 00:56:06  2.28E-06  2.11E-13  7.97E-14  7.97E-14  1.70E-12  0.00E+00  0.00E+00  0.00E+00  0.00E+00  0.00E+00  0.00E+00  0.00E+00  0.00E+00  0.00E+00  0.00E+00
03/01/2015 01:36:41  1.23E-06  8.33E-14  3.15E-14  3.15E-14  6.70E-13  0.00E+00  0.00E+00  0.00E+00  0.00E+00  0.00E+00  0.00E+00  0.00E+00  0.00E+00  0.00E+00  0.00E+00
03/01/2015 01:42:51  1.07E-06  6.98E-14  2.64E-14  2.64E-14  5.62E-13  0.00E+00  0.00E+00  0.00E+00  0.00E+00  0.00E+00  0.00E+00  0.00E+00  0.00E+00  0.00E+00  0.00E+00
03/01/2015 02:20:38  9.28E-08  5.20E-15  1.98E-15  1.98E-15  3.97E-14  0.00E+00  0.00E+00  0.00E+00  0.00E+00  0.00E+00  0.00E+00  0.00E+00  0.00E+00  0.00E+00  0.00E+00
03/01/2015 02:29:36  0.00E+00  0.00E+00  0.00E+00  0.00E+00  0.00E+00  0.00E+00  0.00E+00  0.00E+00  0.00E+00  0.00E+00  0.00E+00  0.00E+00  0.00E+00  0.00E+00  0.00E+00
05/14/2015 00:00:00  0.00E+00  0.00E+00  0.00E+00  0.00E+00  0.00E+00  0.00E+00  0.00E+00  0.00E+00  0.00E+00  0.00E+00  0.00E+00  0.00E+00  0.00E+00  0.00E+00  0.00E+00
05/14/2015 03:37:23  2.77E-08  3.95E-17  1.53E-17  1.53E-17  3.55E-16  0.00E+00  0.00E+00  0.00E+00  0.00E+00  0.00E+00  0.00E+00  0.00E+00  0.00E+00  0.00E+00  0.00E+00
05/14/2015 03:37:39  2.77E-08  3.96E-17  1.53E-17  1.53E-17  3.56E-16  0.00E+00  0.00E+00  0.00E+00  0.00E+00  0.00E+00  0.00E+00  0.00E+00  0.00E+00  0.00E+00  0.00E+00
05/14/2015 07:14:46  5.55E-08  1.12E-16  4.33E-17  4.33E-17  1.00E-15  0.00E+00  0.00E+00  0.00E+00  0.00E+00  0.00E+00  0.00E+00  0.00E+00  0.00E+00  0.00E+00  0.00E+00
05/14/2015 07:15:18  5.55E-08  1.12E-16  4.33E-17  4.33E-17  1.00E-15  0.00E+00  0.00E+00  0.00E+00  0.00E+00  0.00E+00  0.00E+00  0.00E+00  0.00E+00  0.00E+00  0.00E+00
05/14/2015 13:17:06  2.77E-08  3.96E-17  1.53E-17  1.53E-17  3.56E-16  0.00E+00  0.00E+00  0.00E+00  0.00E+00  0.00E+00  0.00E+00  0.00E+00  0.00E+00  0.00E+00  0.00E+00
05/14/2015 13:18:03  2.77E-08  3.94E-17  1.53E-17  1.53E-17  3.54E-16  0.00E+00  0.00E+00  0.00E+00  0.00E+00  0.00E+00  0.00E+00  0.00E+00  0.00E+00  0.00E+00  0.00E+00
05/14/2015 19:19:25  4.54E-11  5.26E-20  2.22E-20  2.22E-20  4.92E-19  0.00E+00  0.00E+00  0.00E+00  0.00E+00  0.00E+00  0.00E+00  0.00E+00  0.00E+00  0.00E+00  0.00E+00
05/14/2015 19:20:48  0.00E+00  0.00E+00  0.00E+00  0.00E+00  0.00E+00  0.00E+00  0.00E+00  0.00E+00  0.00E+00  0.00E+00  0.00E+00  0.00E+00  0.00E+00  0.00E+00  0.00E+00
09/15/2015 00:00:00  0.00E+00  0.00E+00  0.00E+00  0.00E+00  0.00E+00  0.00E+00  0.00E+00  0.00E+00  0.00E+00  0.00E+00  0.00E+00  0.00E+00  0.00E+00  0.00E+00  0.00E+00
09/15/2015 01:16:44  2.45E-07  3.24E-15  1.22E-15  1.22E-15  2.80E-14  0.00E+00  0.00E+00  0.00E+00  0.00E+00  0.00E+00  0.00E+00  0.00E+00  0.00E+00  0.00E+00  0.00E+00
09/15/2015 01:18:34  2.50E-07  3.36E-15  1.26E-15  1.26E-15  2.91E-14  0.00E+00  0.00E+00  0.00E+00  0.00E+00  0.00E+00  0.00E+00  0.00E+00  0.00E+00  0.00E+00  0.00E+00
09/15/2015 02:33:29  4.89E-07  9.16E-15  3.43E-15  3.43E-15  7.90E-14  0.00E+00  0.00E+00  0.00E+00  0.00E+00  0.00E+00  0.00E+00  0.00E+00  0.00E+00  0.00E+00  0.00E+00
09/15/2015 02:37:09  4.90E-07  9.15E-15  3.43E-15  3.43E-15  7.89E-14  0.00E+00  0.00E+00  0.00E+00  0.00E+00  0.00E+00  0.00E+00  0.00E+00  0.00E+00  0.00E+00  0.00E+00
09/15/2015 04:41:23  2.52E-07  3.38E-15  1.27E-15  1.27E-15  2.92E-14  0.00E+00  0.00E+00  0.00E+00  0.00E+00  0.00E+00  0.00E+00  0.00E+00  0.00E+00  0.00E+00  0.00E+00
09/15/2015 04:48:07  2.40E-07  3.16E-15  1.18E-15  1.18E-15  2.73E-14  0.00E+00  0.00E+00  0.00E+00  0.00E+00  0.00E+00  0.00E+00  0.00E+00  0.00E+00  0.00E+00  0.00E+00
09/15/2015 06:49:17  7.84E-09  8.89E-17  3.21E-17  3.21E-17  7.46E-16  0.00E+00  0.00E+00  0.00E+00  0.00E+00  0.00E+00  0.00E+00  0.00E+00  0.00E+00  0.00E+00  0.00E+00
09/15/2015 06:59:04  0.00E+00  0.00E+00  0.00E+00  0.00E+00  0.00E+00  0.00E+00  0.00E+00  0.00E+00  0.00E+00  0.00E+00  0.00E+00  0.00E+00  0.00E+00  0.00E+00  0.00E+00
01/05/2016 00:00:00  0.00E+00  0.00E+00  0.00E+00  0.00E+00  0.00E+00  0.00E+00  0.00E+00  0.00E+00  0.00E+00  0.00E+00  0.00E+00  0.00E+00  0.00E+00  0.00E+00  0.00E+00
01/05/2016 03:28:53  3.25E-08  5.39E-17  2.05E-17  2.05E-17  4.89E-16  0.00E+00  0.00E+00  0.00E+00  0.00E+00  0.00E+00  0.00E+00  0.00E+00  0.00E+00  0.00E+00  0.00E+00
01/05/2016 03:29:11  3.25E-08  5.40E-17  2.06E-17  2.06E-17  4.89E-16  0.00E+00  0.00E+00  0.00E+00  0.00E+00  0.00E+00  0.00E+00  0.00E+00  0.00E+00  0.00E+00  0.00E+00
01/05/2016 06:57:47  6.49E-08  1.52E-16  5.80E-17  5.80E-17  1.38E-15  0.00E+00  0.00E+00  0.00E+00  0.00E+00  0.00E+00  0.00E+00  0.00E+00  0.00E+00  0.00E+00  0.00E+00
01/05/2016 06:58:23  6.50E-08  1.52E-16  5.81E-17  5.81E-17  1.38E-15  0.00E+00  0.00E+00  0.00E+00  0.00E+00  0.00E+00  0.00E+00  0.00E+00  0.00E+00  0.00E+00  0.00E+00
01/05/2016 12:45:57  3.26E-08  5.41E-17  2.06E-17  2.06E-17  4.91E-16  0.00E+00  0.00E+00  0.00E+00  0.00E+00  0.00E+00  0.00E+00  0.00E+00  0.00E+00  0.00E+00  0.00E+00
01/05/2016 12:47:02  3.25E-08  5.38E-17  2.05E-17  2.05E-17  4.88E-16  0.00E+00  0.00E+00  0.00E+00  0.00E+00  0.00E+00  0.00E+00  0.00E+00  0.00E+00  0.00E+00  0.00E+00
01/05/2016 18:34:07  8.40E-11  1.58E-19  5.95E-20  5.95E-20  1.40E-18  0.00E+00  0.00E+00  0.00E+00  0.00E+00  0.00E+00  0.00E+00  0.00E+00  0.00E+00  0.00E+00  0.00E+00
01/05/2016 18:35:42  0.00E+00  0.00E+00  0.00E+00  0.00E+00  0.00E+00  0.00E+00  0.00E+00  0.00E+00  0.00E+00  0.00E+00  0.00E+00  0.00E+00  0.00E+00  0.00E+00  0.00E+00
03/01/2016 00:00:00  0.00E+00  0.00E+00  0.00E+00  0.00E+00  0.00E+00  0.00E+00  0.00E+00  0.00E+00  0.00E+00  0.00E+00  0.00E+00  0.00E+00  0.00E+00  0.00E+00  0.00E+00
03/01/2016 00:13:02  4.48E-05  1.11E-10  4.27E-11  4.27E-11  9.51E-10  0.00E+00  0.00E+00  0.00E+00  0.00E+00  0.00E+00  0.00E+00  0.00E+00  0.00E+00  0.00E+00  0.00E+00
03/01/2016 00:13:45  4.73E-05  1.21E-10  4.64E-11  4.64E-11  1.03E-09  0.00E+00  0.00E+00  0.00E+00  0.00E+00  0.00E+00  0.00E+00  0.00E+00  0.00E+00  0.00E+00  0.00E+00
03/01/2016 00:26:04  8.95E-05  3.13E-10  1.20E-10  1.20E-10  2.68E-09  0.00E+00  0.00E+00  0.00E+00  0.00E+00  0.00E+00  0.00E+00  0.00E+00  0.00E+00  0.00E+00  0.00E+00
03/01/2016 00:27:30  8.97E-05  3.11E-10  1.20E-10  1.20E-10  2.66E-09  0.00E+00  0.00E+00  0.00E+00  0.00E+00  0.00E+00  0.00E+00  0.00E+00  0.00E+00  0.00E+00  0.00E+00
03/01/2016 00:47:47  4.80E-05  1.21E-10  4.66E-11  4.66E-11  1.04E-09  0.00E+00  0.00E+00  0.00E+00  0.00E+00  0.00E+00  0.00E+00  0.00E+00  0.00E+00  0.00E+00  0.00E+00
03/01/2016 00:50:25  4.26E-05  1.04E-10  4.00E-11  4.00E-11  8.90E-10  0.00E+00  0.00E+00  0.00E+00  0.00E+00  0.00E+00  0.00E+00  0.00E+00  0.00E+00  0.00E+00  0.00E+00
03/01/2016 01:09:31  3.17E-06  6.47E-12  2.47E-12  2.47E-12  5.41E-11  0.00E+00  0.00E+00  0.00E+00  0.00E+00  0.00E+00  0.00E+00  0.00E+00  0.00E+00  0.00E+00  0.00E+00
03/01/2016 01:13:19  0.00E+00  0.00E+00  0.00E+00  0.00E+00  0.00E+00  0.00E+00  0.00E+00  0.00E+00  0.00E+00  0.00E+00  0.00E+00  0.00E+00  0.00E+00  0.00E+00  0.00E+00
05/08/2016 00:00:00  0.00E+00  0.00E+00  0.00E+00  0.00E+00  0.00E+00  0.00E+00  0.00E+00  0.00E+00  0.00E+00  0.00E+00  0.00E+00  0.00E+00  0.00E+00  0.00E+00  0.00E+00
05/08/2016 00:11:21  1.81E-05  1.93E-11  7.41E-12  7.41E-12  1.64E-10  0.00E+00  0.00E+00  0.00E+00  0.00E+00  0.00E+00  0.00E+00  0.00E+00  0.00E+00  0.00E+00  0.00E+00
05/08/2016 00:12:52  2.06E-05  2.34E-11  8.99E-12  8.99E-12  1.99E-10  0.00E+00  0.00E+00  0.00E+00  0.00E+00  0.00E+00  0.00E+00  0.00E+00  0.00E+00  0.00E+00  0.00E+00
05/08/2016 00:22:42  3.63E-05  5.39E-11  2.07E-11  2.07E-11  4.58E-10  0.00E+00  0.00E+00  0.00E+00  0.00E+00  0.00E+00  0.00E+00  0.00E+00  0.00E+00  0.00E+00  0.00E+00
05/08/2016 00:25:44  3.63E-05  5.26E-11  2.02E-11  2.02E-11  4.46E-10  0.00E+00  0.00E+00  0.00E+00  0.00E+00  0.00E+00  0.00E+00  0.00E+00  0.00E+00  0.00E+00  0.00E+00
05/08/2016 00:41:37  2.10E-05  2.30E-11  8.85E-12  8.85E-12  1.95E-10  0.00E+00  0.00E+00  0.00E+00  0.00E+00  0.00E+00  0.00E+00  0.00E+00  0.00E+00  0.00E+00  0.00E+00
05/08/2016 00:47:12  1.57E-05  1.60E-11  6.15E-12  6.15E-12  1.35E-10  0.00E+00  0.00E+00  0.00E+00  0.00E+00  0.00E+00  0.00E+00  0.00E+00  0.00E+00  0.00E+00  0.00E+00
05/08/2016 01:00:33  2.88E-06  2.36E-12  9.18E-13  9.18E-13  1.97E-11  0.00E+00  0.00E+00  0.00E+00  0.00E+00  0.00E+00  0.00E+00  0.00E+00  0.00E+00  0.00E+00  0.00E+00
05/08/2016 01:08:39  0.00E+00  0.00E+00  0.00E+00  0.00E+00  0.00E+00  0.00E+00  0.00E+00  0.00E+00  0.00E+00  0.00E+00  0.00E+00  0.00E+00  0.00E+00  0.00E+00  0.00E+00
05/14/2016 00:00:00  0.00E+00  0.00E+00  0.00E+00  0.00E+00  0.00E+00  0.00E+00  0.00E+00  0.00E+00  0.00E+00  0.00E+00  0.00E+00  0.00E+00  0.00E+00  0.00E+00  0.00E+00
05/14/2016 00:11:46  3.63E-05  7.66E-11  2.95E-11  2.95E-11  6.56E-10  0.00E+00  0.00E+00  0.00E+00  0.00E+00  0.00E+00  0.00E+00  0.00E+00  0.00E+00  0.00E+00  0.00E+00
05/14/2016 00:13:20  4.11E-05  9.27E-11  3.57E-11  3.57E-11  7.95E-10  0.00E+00  0.00E+00  0.00E+00  0.00E+00  0.00E+00  0.00E+00  0.00E+00  0.00E+00  0.00E+00  0.00E+00
05/14/2016 00:23:32  7.26E-05  2.14E-10  8.24E-11  8.24E-11  1.83E-09  0.00E+00  0.00E+00  0.00E+00  0.00E+00  0.00E+00  0.00E+00  0.00E+00  0.00E+00  0.00E+00  0.00E+00
05/14/2016 00:26:41  7.25E-05  2.09E-10  8.03E-11  8.03E-11  1.78E-09  0.00E+00  0.00E+00  0.00E+00  0.00E+00  0.00E+00  0.00E+00  0.00E+00  0.00E+00  0.00E+00  0.00E+00
05/14/2016 00:43:09  4.21E-05  9.13E-11  3.51E-11  3.51E-11  7.80E-10  0.00E+00  0.00E+00  0.00E+00  0.00E+00  0.00E+00  0.00E+00  0.00E+00  0.00E+00  0.00E+00  0.00E+00
05/14/2016 00:48:55  3.14E-05  6.34E-11  2.44E-11  2.44E-11  5.42E-10  0.00E+00  0.00E+00  0.00E+00  0.00E+00  0.00E+00  0.00E+00  0.00E+00  0.00E+00  0.00E+00  0.00E+00
05/14/2016 01:02:46  5.73E-06  9.39E-12  3.62E-12  3.62E-12  7.88E-11  0.00E+00  0.00E+00  0.00E+00  0.00E+00  0.00E+00  0.00E+00  0.00E+00  0.00E+00  0.00E+00  0.00E+00
05/14/2016 01:11:09  0.00E+00  0.00E+00  0.00E+00  0.00E+00  0.00E+00  0.00E+00  0.00E+00  0.00E+00  0.00E+00  0.00E+00  0.00E+00  0.00E+00  0.00E+00  0.00E+00  0.00E+00
09/15/2016 00:00:00  0.00E+00  0.00E+00  0.00E+00  0.00E+00  0.00E+00  0.00E+00  0.00E+00  0.00E+00  0.00E+00  0.00E+00  0.00E+00  0.00E+00  0.00E+00  0.00E+00  0.00E+00
09/15/2016 00:11:39  3.63E-05  7.66E-11  2.94E-11  2.94E-11  6.56E-10  0.00E+00  0.00E+00  0.00E+00  0.00E+00  0.00E+00  0.00E+00  0.00E+00  0.00E+00  0.00E+00  0.00E+00
09/15/2016 00:13:14  4.12E-05  9.32E-11  3.58E-11  3.58E-11  7.97E-10  0.00E+00  0.00E+00  0.00E+00  0.00E+00  0.00E+00  0.00E+00  0.00E+00  0.00E+00  0.00E+00  0.00E+00
09/15/2016 00:23:20  7.26E-05  2.15E-10  8.24E-11  8.24E-11  1.83E-09  0.00E+00  0.00E+00  0.00E+00  0.00E+00  0.00E+00  0.00E+00  0.00E+00  0.00E+00  0.00E+00  0.00E+00
09/15/2016 00:26:29  7.25E-05  2.09E-10  8.04E-11  8.04E-11  1.78E-09  0.00E+00  0.00E+00  0.00E+00  0.00E+00  0.00E+00  0.00E+00  0.00E+00  0.00E+00  0.00E+00  0.00E+00
09/15/2016 00:42:46  4.21E-05  9.16E-11  3.52E-11  3.52E-11  7.81E-10  0.00E+00  0.00E+00  0.00E+00  0.00E+00  0.00E+00  0.00E+00  0.00E+00  0.00E+00  0.00E+00  0.00E+00
09/15/2016 00:48:34  3.13E-05  6.33E-11  2.43E-11  2.43E-11  5.40E-10  0.00E+00  0.00E+00  0.00E+00  0.00E+00  0.00E+00  0.00E+00  0.00E+00  0.00E+00  0.00E+00  0.00E+00
09/15/2016 01:02:13  5.80E-06  9.55E-12  3.66E-12  3.66E-12  7.98E-11  0.00E+00  0.00E+00  0.00E+00  0.00E+00  0.00E+00  0.00E+00  0.00E+00  0.00E+00  0.00E+00  0.00E+00
09/15/2016 01:10:39  0.00E+00  0.00E+00  0.00E+00  0.00E+00  0.00E+00  0.00E+00  0.00E+00  0.00E+00  0.00E+00  0.00E+00  0.00E+00  0.00E+00  0.00E+00  0.00E+00  0.00E+00
01/01/2017 09:00:00  0.00E+00  0.00E+00  0.00E+00  0.00E+00  0.00E+00  0.00E+00  0.00E+00  0.00E+00  0.00E+00  0.00E+00  0.00E+00  0.00E+00  0.00E+00  0.00E+00  0.00E+00
01/01/2017 09:15:00  0.00E+00  0.00E+00  0.00E+00  0.00E+00  0.00E+00  0.00E+00  0.00E+00  0.00E+00  0.00E+00  0.00E+00  0.00E+00  0.00E+00  0.00E+00  0.00E+00  0.00E+00
01/01/2017 09:15:00  0.00E+00  0.00E+00  0.00E+00  0.00E+00  0.00E+00  0.00E+00  0.00E+00  0.00E+00  0.00E+00  0.00E+00  0.00E+00  0.00E+00  0.00E+00  0.00E+00  0.00E+00
